1 2947
1 1844
1 1827
1 1605
1 1487
1 2501
1 2424
1 2344
1 2319
1 2054
2 2786
2 3144
2 3129
2 2971
2 2939
2 2534
2 2342
2 2233
2 2177
2 2002
3 1988
3 3171
3 3130
3 3124
3 3115
3 3105
3 3099
3 3077
3 3030
3 2990
4 2931
4 2851
4 2342
4 2060
4 2438
4 2314
4 1135
4 616
4 2905
4 2377
5 2786
5 1978
5 1671
5 2629
5 2483
5 2247
5 2035
5 1829
5 1824
5 3127
6 2931
6 3125
6 2887
6 2828
6 2721
6 2622
6 2582
6 2572
6 2319
6 2314
7 2912
7 2317
7 2111
7 1665
7 3043
7 2905
7 2871
7 2342
7 1623
7 1135
8 2951
8 2541
8 3032
8 2776
8 2632
8 2625
8 2320
8 1928
8 1877
8 1846
9 2849
9 3137
9 2951
9 2776
9 2372
9 2358
9 1928
9 3182
9 3177
9 3158
10 3077
10 3075
10 2931
10 2895
10 2851
10 2785
10 2289
10 2266
10 2265
10 1795
11 2906
11 724
11 2699
11 2003
11 2956
11 1923
11 2717
11 2198
11 3171
11 3150
12 1877
12 1854
12 1810
12 1728
12 1647
12 1517
12 1462
12 1461
12 1324
12 1247
13 3080
13 3053
13 3005
13 2929
13 2897
13 2858
13 2856
13 2748
13 2734
13 2722
14 3131
14 3057
14 3032
14 2931
14 2924
14 2890
14 2819
14 2812
14 2750
14 2716
15 3125
15 3166
15 3157
15 3054
15 3005
15 2940
15 2929
15 2923
15 2897
15 2851
16 1135
16 3157
16 2833
16 2750
16 2629
16 2622
16 2582
16 2378
16 2184
16 2002
17 1223
17 2253
17 3150
17 3080
17 3054
17 3053
17 3005
17 2968
17 2929
17 2897
18 2138
18 1988
18 1665
18 670
18 3175
18 3150
18 3148
18 3075
18 3005
18 2921
19 2557
19 1468
19 950
19 1957
19 2973
19 2433
19 2838
19 2289
19 2692
19 1601
20 2986
20 2695
20 2524
20 3152
20 3124
20 3094
20 3018
20 2905
20 2883
20 2769
21 2931
21 2325
21 2189
21 3166
21 3165
21 3163
21 3153
21 3150
21 3134
21 3132
22 2924
22 2913
22 2692
22 2402
22 1978
22 2674
22 2631
22 2004
22 1906
22 1159
23 2081
23 3166
23 3148
23 3124
23 3032
23 2883
23 2855
23 2849
23 2838
23 2833
24 942
24 1410
24 2931
24 1194
24 3120
24 20
24 1535
24 2046
24 3068
24 2555
25 2951
25 2812
25 2634
25 2318
25 2268
25 3136
25 3072
25 3028
25 2990
25 2988
26 3105
26 3128
26 2840
26 2632
26 2541
26 2320
26 2314
26 2080
26 696
26 3183
27 3050
27 3006
27 3000
27 2988
27 2864
27 2740
27 2622
27 2582
27 2406
27 2358
28 616
28 1846
28 3032
28 2833
28 2828
28 2572
28 2401
28 2289
28 2274
28 2092
29 3131
29 3021
29 2644
29 2524
29 2402
29 2289
29 2276
29 2232
29 2200
29 2167
30 2876
30 3142
30 2344
30 2341
30 1926
30 3130
30 3112
30 2990
30 2988
30 2987
31 2893
31 2051
31 1665
31 2931
31 2188
31 1824
31 1350
31 1066
31 616
31 3021
32 1433
32 3021
32 2883
32 2697
32 2402
32 2177
32 1725
32 1665
32 1415
32 1172
33 1143
33 1135
33 3153
33 3059
33 2697
33 1423
33 1334
33 2986
33 2929
33 2850
34 2749
34 2722
34 2194
34 1844
34 1623
34 3183
34 3152
34 3130
34 3039
34 3001
35 2645
35 2931
35 2166
35 1393
35 1386
35 3203
35 3071
35 3006
35 2956
35 2884
36 2836
36 2794
36 2112
36 2110
36 1768
36 1350
36 1265
36 1012
36 2986
36 2786
37 2060
37 2233
37 3142
37 2794
37 2342
37 2184
37 1844
37 1135
37 1003
37 2957
38 2931
38 3142
38 3105
38 3069
38 3002
38 2851
38 2622
38 1698
38 3077
38 3031
39 2931
39 2940
39 3105
39 3103
39 2254
39 2002
39 1902
39 1861
39 1614
39 1602
40 2060
40 2956
40 2265
40 2002
40 1847
40 1588
40 616
40 2931
40 2051
40 1626
41 3128
41 2541
41 3153
41 2851
41 2522
41 2080
41 1751
41 1747
41 3148
41 3076
42 462
42 2894
42 2849
42 2829
42 2402
42 2215
42 1726
42 3078
42 3072
42 2991
43 2402
43 1528
43 1272
43 3098
43 3052
43 2959
43 2947
43 2924
43 2841
43 2828
44 3078
44 2947
44 2924
44 2871
44 2820
44 2812
44 2771
44 2687
44 2645
44 2560
45 2988
45 2631
45 1680
45 1652
45 3134
45 3103
45 3002
45 2951
45 2865
45 2833
46 2990
46 1032
46 2631
46 2568
46 2542
46 2451
46 2265
46 1665
46 1652
46 1457
47 2451
47 2314
47 1908
47 1824
47 1699
47 1680
47 1652
47 1651
47 1527
47 1506
48 2314
48 1066
48 2695
48 2646
48 2402
48 2310
48 1677
48 1651
48 1433
48 409
49 2631
49 2402
49 616
49 3012
49 2990
49 2795
49 2307
49 2046
49 2002
49 1886
50 1680
50 3156
50 3096
50 3075
50 3012
50 2990
50 2865
50 2846
50 2795
50 2714
51 3075
51 2570
51 3153
51 3152
51 3006
51 2973
51 2838
51 2723
51 2714
51 2692
52 2721
52 3070
52 3048
52 3042
52 2970
52 2967
52 2955
52 2951
52 2936
52 2931
53 1186
53 727
53 2210
53 2031
53 1997
53 1609
53 1567
53 1423
53 1403
53 1099
54 3031
54 2931
54 3105
54 2958
54 2705
54 2342
54 1902
54 1135
54 3185
54 3103
55 1665
55 2921
55 1846
55 3198
55 3110
55 3096
55 3077
55 3056
55 3034
55 2939
56 2931
56 2645
56 2470
56 1665
56 3077
56 2998
56 2921
56 2842
56 2809
56 2767
57 3077
57 3140
57 3103
57 3031
57 2802
57 2700
57 2645
57 2542
57 2219
57 1834
58 2849
58 1609
58 1433
58 3138
58 3087
58 2993
58 2786
58 2645
58 2604
58 2188
59 1456
59 2753
59 1700
59 3087
59 1665
59 2127
59 2046
59 1681
59 1235
59 144
60 1844
60 1572
60 3142
60 3026
60 2812
60 1366
60 695
60 3092
60 3087
60 2988
61 2711
61 2451
61 2631
61 2561
61 2307
61 1700
61 1236
61 3134
61 2990
61 2646
62 1856
62 3175
62 3163
62 3096
62 2931
62 2911
62 2889
62 2809
62 2720
62 2702
63 2289
63 3075
63 3039
63 2884
63 2851
63 2402
63 2232
63 3166
63 3165
63 3153
64 2232
64 2002
64 2622
64 2484
64 2358
64 2178
64 2177
64 2060
64 1976
64 1878
