1 3077
1 2667
1 2501
1 1827
1 1605
1 1487
1 972
1 2947
1 2849
1 2838
2 2786
2 1272
2 3144
2 3129
2 2971
2 2939
2 2688
2 2684
2 2572
2 2534
3 2971
3 2939
3 2652
3 2423
3 2252
3 2061
3 1787
3 1350
3 1223
3 637
4 2931
4 2851
4 2342
4 2314
4 2060
4 2470
4 2438
4 2233
4 1665
4 616
5 2314
5 2786
5 2247
5 1366
5 3127
5 2002
5 1978
5 1671
5 2887
5 2820
6 2931
6 2572
6 3148
6 3125
6 3081
6 3076
6 3033
6 3018
6 2887
6 2828
7 2912
7 2317
7 1665
7 2344
7 2111
7 1350
7 1307
7 3043
7 2871
7 2851
8 2541
8 2202
8 3087
8 2951
8 2950
8 2849
8 2833
8 2798
8 2632
8 2625
9 2849
9 3137
9 3131
9 3127
9 3087
9 3070
9 3002
9 2988
9 2893
9 2864
10 2895
10 2785
10 2060
10 1747
10 1471
10 1262
10 3194
10 3184
10 3156
10 3150
11 2699
11 2906
11 724
11 2717
11 2091
11 2003
11 1923
11 1860
11 1676
11 1358
12 3127
12 2046
12 2020
12 2003
12 1962
12 1960
12 1957
12 1951
12 1924
12 1902
13 3005
13 2856
13 2748
13 2722
13 2716
13 2598
13 2559
13 2314
13 1886
13 1542
14 3054
14 2812
14 2716
14 2314
14 1886
14 1752
14 3147
14 3114
14 3087
14 3085
15 3166
15 3125
15 3054
15 2944
15 2907
15 2851
15 2827
15 2146
15 1750
15 1223
16 2421
16 2378
16 2003
16 2002
16 2376
16 2092
16 1962
16 1665
16 1135
16 1003
17 1223
17 2491
17 2253
17 1134
17 3150
17 3099
17 3080
17 3054
17 3053
17 3005
18 2138
18 3005
18 1135
18 3027
18 2968
18 2651
18 2541
18 2433
18 2202
18 1788
19 1957
19 2785
19 1613
19 1601
19 1468
19 3175
19 3156
19 3075
19 950
19 2973
20 2986
20 2695
20 1961
20 2883
20 2769
20 2722
20 2568
20 2524
20 2289
20 2145
21 2189
21 3067
21 3027
21 2931
21 2787
21 2771
21 2702
21 2598
21 2263
21 2081
22 2692
22 2402
22 1978
22 2924
22 2913
22 2004
22 1915
22 1824
22 1664
22 616
23 3165
23 3138
23 3131
23 3072
23 3067
23 3032
23 2936
23 2924
23 2862
23 2828
24 1925
24 1892
24 1637
24 1468
24 1410
24 1359
24 1307
24 1233
24 1216
24 1194
25 3048
25 2741
25 2318
25 3136
25 3072
25 3028
25 2988
25 2984
25 2951
25 2894
26 3128
26 3105
26 2541
26 2376
26 2320
26 1108
26 964
26 3131
26 3048
26 2869
27 2582
27 2378
27 2297
27 1960
27 1752
27 3080
27 3067
27 3050
27 3049
27 3006
28 2289
28 2060
28 616
28 3138
28 2923
28 2833
28 2401
28 2342
28 3125
28 3069
29 2927
29 3037
29 2200
29 3131
29 3124
29 3021
29 2925
29 2916
29 2784
29 2750
30 3142
30 2876
30 2786
30 2396
30 2341
30 1926
30 1651
30 1470
30 2970
30 2950
31 2893
31 2931
31 2233
31 1824
31 1665
31 2535
31 2438
31 2314
31 2254
31 2188
32 2177
32 2402
32 1824
32 1725
32 1665
32 3139
32 3138
32 2833
32 2692
32 2646
33 1665
33 3112
33 2957
33 2954
33 2697
33 1143
33 3153
33 3059
33 2925
33 2850
34 2194
34 2931
34 2808
34 2749
34 2722
34 2254
34 1844
34 1623
34 1381
34 3183
35 2645
35 2402
35 3203
35 2940
35 2931
35 2712
35 2289
35 2217
35 2166
35 2144
36 2112
36 1768
36 1265
36 2836
36 2794
36 2698
36 2110
36 1350
36 1012
36 2986
37 2265
37 2060
37 3142
37 2342
37 2233
37 1844
37 2957
37 2912
37 2850
37 2794
38 2931
38 2622
38 1698
38 3142
38 3105
38 3069
38 2966
38 2851
38 2470
38 2402
39 2940
39 2931
39 2178
39 1602
39 3105
39 2939
39 2851
39 2651
39 2470
39 2341
40 2060
40 616
40 2002
40 1485
40 2265
40 1626
40 1588
40 1470
40 2940
40 2184
41 2829
41 2541
41 2522
41 1951
41 1751
41 3153
41 3128
41 3112
41 3082
41 3072
42 462
42 3048
42 2894
42 2402
42 1411
42 3176
42 3132
42 3072
42 3058
42 2984
43 3052
43 2622
43 2402
43 2289
43 1726
43 1325
43 462
43 3100
43 3098
43 3086
44 1325
44 1135
44 1002
44 533
44 464
44 3165
44 3160
44 3078
44 3069
44 3047
45 3002
45 2451
45 2988
45 2631
45 2372
45 2344
45 2188
45 2849
45 2812
45 2314
46 2631
46 1665
46 1652
46 1457
46 2990
46 2812
46 2568
46 2451
46 1680
46 1032
47 2451
47 2372
47 2314
47 2598
47 1908
47 1699
47 1032
47 3087
47 3072
47 3002
48 2314
48 1135
48 2695
48 1066
48 3138
48 3087
48 2186
48 1003
48 3200
48 3130
49 2795
49 2631
49 2402
49 616
49 409
49 3012
49 2999
49 2990
49 2561
49 2519
50 1680
50 3156
50 3096
50 3075
50 3012
50 2990
50 2973
50 2865
50 2846
50 2838
51 3153
51 3075
51 2973
51 2838
51 2714
51 2570
51 1613
51 3175
51 3156
51 3152
52 2721
52 3072
52 3070
52 3048
52 2890
52 2882
52 2862
52 2859
52 2829
52 2798
53 1194
53 1186
53 2986
53 727
53 2697
53 2648
53 2210
53 2046
53 2031
53 1997
54 3031
54 2470
54 2958
54 2931
54 3087
54 2945
54 2941
54 2940
54 2887
54 2851
55 1665
55 3077
55 2940
55 2921
55 2786
55 2184
55 1885
55 1846
55 1612
55 1588
56 1665
56 2931
56 2051
56 2998
56 2705
56 2645
56 2470
56 2061
56 1856
56 1781
57 3077
57 3031
57 3140
57 1155
57 3103
57 3052
57 2931
57 2701
57 2700
57 2470
58 2849
58 2314
58 1433
58 3142
58 3138
58 2851
58 2373
58 2245
58 2188
58 2145
59 1700
59 1456
59 3087
59 2631
59 2931
59 2753
59 2484
59 2470
59 2265
59 1665
60 3142
60 1572
60 2396
60 2106
60 3026
60 3025
60 2988
60 2849
60 2828
60 2812
61 2451
61 2711
61 2631
61 3134
61 2722
61 2307
61 1236
61 1194
61 3072
61 3002
62 2979
62 2515
62 2092
62 1856
62 1172
62 3182
62 3175
62 3163
62 3096
62 3045
63 2973
63 2402
63 2289
63 2195
63 2060
63 3176
63 3153
63 3131
63 3086
63 3075
64 2232
64 2002
64 1665
64 3142
64 2622
64 2484
64 2358
64 2178
64 2177
64 2060
