1 3077
1 1391
1 3112
1 3025
1 2667
1 2629
1 2501
1 2371
1 2319
1 2036
2 971
2 2483
2 1939
2 397
2 1345
2 2850
2 2317
2 1145
2 1046
2 3080
3 1788
3 1787
3 1496
3 1350
3 1223
3 1134
3 2971
3 2939
3 637
3 2652
4 2931
4 3128
4 2939
4 2851
4 2470
4 2314
4 1135
4 3120
4 3101
4 3043
5 2314
5 1978
5 1366
5 1307
5 2716
5 2247
5 2035
5 2003
5 1829
5 1671
6 3033
6 971
6 417
6 1939
6 397
6 2931
6 1385
6 2873
6 276
6 2828
7 3043
7 2912
7 2317
7 1145
7 3141
7 3128
7 2851
7 2829
7 2556
7 2376
8 2849
8 2541
8 2202
8 2046
8 2020
8 1960
8 1902
8 1877
8 1854
8 1753
9 2849
9 2046
9 2020
9 1951
9 1853
9 1844
9 1811
9 1745
9 1695
9 1665
10 1747
10 1471
10 1262
10 2895
10 2785
10 2060
10 2036
10 2003
10 1958
10 1902
11 2699
11 2003
11 1923
11 1860
11 1676
11 1358
11 3171
11 3150
11 3148
11 3127
12 3127
12 2046
12 2020
12 2003
12 1962
12 1960
12 1957
12 1951
12 1924
12 1902
13 1947
13 1886
13 1807
13 1542
13 1223
13 3005
13 2944
13 2856
13 2801
13 2748
14 3054
14 2812
14 2716
14 2314
14 3147
14 3087
14 3085
14 2944
14 2913
14 2860
15 2944
15 2030
15 1947
15 1886
15 1750
15 1676
15 1223
15 1088
15 3125
15 3085
16 2421
16 2378
16 2003
16 2002
16 1962
16 1665
16 1519
16 1003
16 3049
16 972
17 1223
17 1134
17 2491
17 2253
17 1999
17 1974
17 1947
17 1886
17 1854
17 1807
18 1223
18 1135
18 3005
18 2138
18 1788
18 1665
18 1613
18 1542
18 1389
18 1134
19 1957
19 2785
19 1613
19 1601
19 1468
19 3175
19 3156
19 3075
19 950
19 2973
20 2695
20 2986
20 1961
20 2883
20 2780
20 2769
20 2722
20 2568
20 2524
20 2289
21 2189
21 3184
21 3067
21 3027
21 2931
21 2787
21 2771
21 2702
21 2598
21 2263
22 2924
22 2913
22 2828
22 2751
22 2692
22 2402
22 2004
22 1978
22 1915
22 1885
23 3165
23 3138
23 3135
23 3131
23 3072
23 3067
23 3032
23 2936
23 2924
23 2862
24 1925
24 1892
24 1637
24 1468
24 1410
24 1359
24 1307
24 1233
24 1216
24 1194
25 3048
25 2741
25 2711
25 2318
25 1908
25 1698
25 1680
25 1572
25 1542
25 1526
26 1108
26 3128
26 3105
26 964
26 2849
26 2541
26 2376
26 2320
26 2020
26 2003
27 1960
27 1752
27 2582
27 2378
27 2297
27 2046
27 1924
27 1853
27 1845
27 1826
28 3032
28 3069
28 2949
28 2890
28 2402
28 2401
28 2289
28 2274
28 1846
28 1601
29 2927
29 3037
29 2200
29 3124
29 3021
29 2925
29 2916
29 2784
29 2750
29 2695
30 1651
30 1926
30 1856
30 397
30 2396
30 1977
30 1854
30 1824
30 1697
30 1681
31 1686
31 2893
31 2829
31 2370
31 2188
31 1929
31 1543
31 1457
31 1423
31 1388
32 3139
32 3018
32 2177
32 2145
32 1905
32 1504
32 1145
32 3156
32 3138
32 3134
33 1143
33 2697
33 1524
33 3112
33 2957
33 2925
33 2695
33 2043
33 1997
33 1954
34 1046
34 503
34 1524
34 2544
34 1999
34 1450
34 1440
34 2458
34 397
34 2440
35 3071
35 2645
35 1386
35 2931
35 2323
35 2314
35 2165
35 2164
35 1948
35 1886
36 1265
36 2698
36 2112
36 2110
36 1768
36 1350
36 1012
36 2836
36 2794
36 2739
37 2376
37 3142
37 3128
37 243
37 2265
37 2233
37 1719
37 1307
37 3105
37 3087
38 3087
38 1768
38 2002
38 3105
38 2941
38 2939
38 2931
38 670
38 2705
38 2470
39 2940
39 1614
39 2178
39 1861
39 3105
39 2957
39 2651
39 2470
39 2341
39 2254
40 1485
40 1470
40 2940
40 2254
40 1768
40 1626
40 1588
40 1324
40 3103
40 2958
41 2849
41 3153
41 3112
41 3089
41 3082
41 3072
41 3043
41 2829
41 2535
41 2522
42 462
42 1726
42 1411
42 3048
42 2984
42 2894
42 2741
42 2711
42 2402
42 2286
43 1726
43 1325
43 2751
43 462
43 2402
43 2017
43 2004
43 1885
43 1769
43 1604
44 1002
44 1686
44 1366
44 1325
44 1135
44 974
44 931
44 2829
44 726
44 2605
45 3002
45 1681
45 1199
45 1194
45 3089
45 2849
45 2816
45 2812
45 2451
45 2372
46 1457
46 1665
46 1652
46 1032
46 2990
46 2631
46 1711
46 1699
46 1680
46 2812
47 1032
47 2451
47 2372
47 1699
47 1695
47 1680
47 3072
47 2990
47 2535
47 440
48 3138
48 2314
48 3087
48 3067
48 3032
48 2931
48 2453
48 2366
48 2060
48 1453
49 2795
49 1681
49 1514
49 3134
49 1032
49 3012
49 2990
49 2561
49 2519
49 409
50 1680
50 1960
50 1935
50 1929
50 1846
50 1811
50 1711
50 1700
50 1699
50 1681
51 3156
51 3153
51 3075
51 2973
51 2838
51 2714
51 2570
51 1613
51 3175
51 3152
52 2721
52 3067
52 1518
52 1517
52 3048
52 2535
52 1468
52 1928
52 2914
52 1366
53 2210
53 1907
53 1609
53 1567
53 1386
53 1194
53 1066
53 3077
53 2986
53 2806
54 2470
54 3031
54 2958
54 2931
54 3087
54 1033
54 2941
54 2940
54 2887
54 2851
55 1665
55 1885
55 1739
55 1612
55 1453
55 3077
55 2940
55 2921
55 2184
55 1928
56 1665
56 2931
56 2051
56 1856
56 1781
56 1471
56 1453
56 2998
56 724
56 2705
57 3077
57 3140
57 1278
57 3203
57 3199
57 3031
57 2931
57 2922
57 2802
57 2705
58 2314
58 3138
58 1885
58 1695
58 1433
58 1411
58 3087
58 3067
58 3049
58 3025
59 1700
59 2631
59 1456
59 3087
59 2795
59 2931
59 2705
59 2484
59 2470
59 2396
60 3142
60 3025
60 2988
60 2593
60 1572
60 1552
60 1518
60 3092
60 3049
60 2967
61 2631
61 2307
61 1935
61 3134
61 2711
61 2451
61 1236
61 1194
61 1032
61 2722
62 1961
62 1806
62 1456
62 1359
62 1135
62 2979
62 2924
62 2720
62 2598
62 2484
63 2973
63 3156
63 3075
63 2884
63 2785
63 2695
63 2692
63 2570
63 2557
63 2289
64 1046
64 2051
64 1531
64 2538
64 482
64 3032
64 3030
64 2516
64 2513
64 1485
