1 2629
1 1391
1 3025
1 2947
1 1752
1 1506
1 1315
1 2424
1 2219
1 1519
2 2434
2 2863
2 3078
2 1014
2 1523
2 492
2 1503
2 1498
2 2519
2 2002
3 3030
3 1988
3 2886
3 799
3 265
3 205
3 1223
3 1154
3 2629
3 1496
4 2939
4 2931
4 2377
4 2314
4 2060
4 3128
4 1485
4 1470
4 3105
4 2851
5 1978
5 2035
5 3011
5 1408
5 2887
5 2358
5 2299
5 1409
5 3147
5 2534
6 2826
6 695
6 1014
6 492
6 438
6 435
6 1397
6 1365
6 1867
6 1234
7 1145
7 2111
7 2912
7 2402
7 2314
7 3032
7 2903
7 2860
7 2646
7 2598
8 2625
8 2541
8 1879
8 1869
8 3083
8 3053
8 3032
8 912
8 2860
8 2858
9 1846
9 2358
9 1226
9 3182
9 1032
9 3026
9 2988
9 2406
9 2188
9 3068
10 2514
10 2785
10 2931
10 2266
10 3075
10 3077
10 2851
10 2895
10 1309
10 2842
11 2956
11 1923
11 3171
11 3077
11 2906
11 2198
11 2699
11 2003
11 724
11 3150
12 1877
12 1854
12 1810
12 1728
12 1647
12 1517
12 1461
12 1247
12 3137
12 3105
13 1947
13 3054
13 3053
13 2524
13 2433
13 2944
13 2858
13 2856
13 1807
13 1235
14 2931
14 2812
14 2716
14 2314
14 3131
14 2890
14 2674
14 2289
14 2819
14 1572
15 2835
15 3053
15 2537
15 3018
15 3002
15 1974
15 2464
15 2969
15 2451
15 1410
16 2582
16 2378
16 243
16 2184
16 1135
16 2629
16 1854
16 1698
16 1199
16 3148
17 1223
17 2253
17 3054
17 3053
17 1947
17 2968
17 2433
17 1389
17 2858
17 1807
18 1988
18 2138
18 1852
18 1223
18 1923
18 1844
18 1807
18 1795
18 1680
18 1613
19 2557
19 1957
19 2433
19 2838
19 2570
19 2973
19 3075
19 1468
19 950
19 2289
20 2695
20 2524
20 2986
20 2557
20 3018
20 1457
20 2453
20 1886
20 2905
20 2314
21 2931
21 2189
21 2325
21 1957
21 1886
21 1811
21 1706
21 1650
21 1619
21 1572
22 2751
22 2913
22 1915
22 2369
22 2638
22 2637
22 2564
22 2473
22 2441
22 2384
23 2081
23 1423
23 3124
23 2963
23 2855
23 2838
23 2833
23 2524
23 2314
23 2276
24 942
24 1410
24 2931
24 1194
24 3120
24 20
24 1535
24 2046
24 3068
24 2555
25 2634
25 2268
25 2951
25 2318
25 2812
25 1728
25 3136
25 1908
25 1938
25 2990
26 3105
26 3050
26 2849
26 696
26 2320
26 2080
26 2632
26 2541
26 2314
26 3128
27 1752
27 1751
27 1728
27 3050
27 2622
27 2406
27 1810
27 3006
27 2864
27 2582
28 3032
28 2274
28 2951
28 1846
28 1695
28 2849
28 2197
28 3158
28 1989
28 2515
29 3021
29 2524
29 1710
29 1691
29 1609
29 1504
29 1433
29 3164
29 2948
29 2605
30 1457
30 1747
30 1267
30 2988
30 2876
30 2738
30 2344
30 2165
30 1196
30 3134
31 2370
31 2421
31 3047
31 1686
31 2188
31 1891
31 2283
31 1144
31 1327
31 2826
32 1504
32 2368
32 2289
32 2630
32 2490
32 2484
32 3018
32 3124
32 2883
32 2189
33 1423
33 1143
33 3016
33 1809
33 2325
33 2447
33 2188
33 1692
33 950
33 2820
34 1567
34 1046
34 1524
34 1999
34 1620
34 397
34 1644
34 1015
34 1014
34 3058
35 1474
35 2681
35 2560
35 2516
35 3175
35 2836
35 2645
35 2437
35 2931
35 1386
36 1265
36 2110
36 2794
36 2703
36 1350
36 2698
36 2836
36 2112
36 1768
36 1012
37 2941
37 2956
37 1426
37 3106
37 3006
37 867
37 2527
37 2289
37 618
37 2957
38 2582
38 2941
38 3148
38 2931
38 2867
38 670
38 2705
38 2356
38 2247
38 2233
39 2931
39 2254
39 2957
39 2940
39 1869
39 1861
39 1379
39 2527
39 1282
39 1213
40 2254
40 2931
40 1098
40 1485
40 1135
40 3077
40 2705
40 2003
40 2684
40 2252
41 2578
41 3137
41 2406
41 3148
41 2849
41 1747
41 2166
41 3072
41 1951
41 3153
42 1726
42 462
42 2402
42 2215
42 2991
42 2951
42 2894
42 2711
42 2634
42 2317
43 3125
43 2883
43 2754
43 2455
43 2569
43 3107
43 3098
43 3052
43 3046
43 2847
44 2523
44 2829
44 1002
44 2325
44 1605
44 974
44 2871
44 675
44 533
44 2286
45 2645
45 1194
45 2951
45 2812
45 2765
45 2816
45 1226
45 1412
45 3002
45 1032
46 2990
46 2568
46 1032
46 1457
46 944
46 2669
46 1665
46 675
46 2451
46 2265
47 2711
47 2990
47 1359
47 2516
47 2288
47 1699
47 1681
47 1415
47 1271
47 2114
48 3032
48 1433
48 2053
48 2646
48 2273
48 2389
48 2936
48 3132
48 2722
48 2904
49 1959
49 616
49 2985
49 440
49 2163
49 1514
49 2002
49 1935
49 1199
49 3177
50 1680
50 1960
50 1935
50 1846
50 1700
50 1699
50 1409
50 1359
50 3096
50 675
51 2570
51 3075
51 2557
51 2522
51 1957
51 2450
51 2433
51 2838
51 1752
51 1728
52 2721
52 3070
52 633
52 1912
52 1653
52 757
52 2931
52 2798
52 2542
52 1518
53 1186
53 679
53 569
53 514
53 2229
53 139
53 2210
53 1609
53 1567
53 1066
54 2178
54 2470
54 2842
54 3198
54 3188
54 3133
54 949
54 2931
54 2326
54 2112
55 2921
55 2650
55 1993
55 1906
55 1898
55 1896
55 1355
55 2838
55 1739
55 1665
56 2931
56 1453
56 2470
56 1665
56 2327
56 2645
56 464
56 2998
56 1425
56 2449
57 3140
57 3077
57 1705
57 2700
57 1764
57 1106
57 3008
57 1614
57 1137
57 1132
58 2849
58 1344
58 2634
58 1637
58 1252
58 1206
58 1698
58 1691
58 2525
58 1695
59 1456
59 2753
59 2931
59 2050
59 2268
59 1625
59 1653
59 2985
59 2543
59 3087
60 2358
60 3136
60 2812
60 1409
60 3025
60 1754
60 1199
60 2421
60 2888
60 2738
61 2307
61 634
61 1236
61 2711
61 1935
61 1194
61 2753
61 2451
61 2561
61 2631
62 2720
62 1961
62 1957
62 1888
62 1806
62 1664
62 1603
62 1566
62 1409
62 1309
63 3075
63 1957
63 2838
63 2570
63 2557
63 2433
63 2973
63 2289
63 1468
63 950
64 2651
64 2538
64 482
64 3032
64 3030
64 2513
64 1485
64 3008
64 1470
64 2998
