1 1410
1 2319
1 1046
1 397
1 1698
1 1408
1 2629
1 2317
1 3069
1 1854
2 2484
2 1413
2 3138
2 2265
2 1589
2 1235
2 1216
2 1315
2 144
2 1700
3 1154
3 1223
3 2629
3 265
3 799
3 1350
3 1988
3 205
3 252
3 3115
4 2931
4 2851
4 2439
4 243
4 1135
4 3021
4 1699
4 1145
4 2377
4 3128
5 3011
5 1829
5 3050
5 2786
5 2321
5 1978
5 2035
5 2629
5 1238
5 3147
6 2826
6 695
6 2828
6 492
6 1543
6 1867
6 1014
6 616
6 435
6 531
7 2864
7 2903
7 2111
7 3144
7 2016
7 46
7 2732
7 3005
7 2871
7 1665
8 2625
8 2541
8 3032
8 2951
8 2358
8 1869
8 1877
8 912
8 492
8 2194
9 2849
9 3068
9 1846
9 2372
9 2358
9 3137
9 2776
9 1928
9 3158
9 2454
10 2514
10 2785
10 3075
10 2266
10 2851
10 1795
10 2895
10 1536
10 2175
10 1846
11 2699
11 2906
11 724
11 2091
11 2717
11 2956
11 1923
11 3171
11 3077
11 2198
12 3127
12 1930
12 3196
12 2246
12 1877
12 1854
12 1810
12 1728
12 1647
12 1517
13 1947
13 3080
13 2433
13 2716
13 3054
13 1807
13 2929
13 2537
13 1564
13 2680
14 3087
14 2181
14 2716
14 2931
14 2812
14 3131
14 2289
14 2674
14 2750
14 3112
15 3125
15 1223
15 1947
15 2195
15 2716
15 1807
15 2344
15 2929
15 3054
15 2897
16 243
16 2217
16 1135
16 2438
16 2931
16 2890
16 3157
16 1003
16 2378
16 3074
17 1223
17 2253
17 1134
17 1658
17 1154
17 3053
17 3054
17 3080
17 1947
17 2929
18 2138
18 243
18 2567
18 1159
18 3074
18 1826
18 670
18 2896
18 2706
18 2156
19 2557
19 1957
19 2433
19 2838
19 2570
19 3075
19 2973
19 1468
19 950
19 1601
20 2695
20 2524
20 2986
20 1563
20 2769
20 2905
20 1457
20 2232
20 2167
20 2888
21 2931
21 2325
21 2189
21 3057
21 3086
21 1309
21 2702
21 1462
21 1650
21 2251
22 1159
22 2631
22 1281
22 1742
22 144
22 1664
22 1506
22 3072
22 2447
22 1066
23 3148
23 2849
23 2276
23 2406
23 2216
23 2081
23 3082
23 2905
23 2596
23 2371
24 1410
24 1194
24 2535
24 1435
24 1892
24 2882
24 268
24 1235
24 2767
24 2742
25 2951
25 2894
25 1728
25 2634
25 2217
25 1347
25 2711
25 3048
25 2812
25 2268
26 2938
26 3105
26 2716
26 2632
26 2541
26 2840
26 2314
26 3128
26 1463
26 2939
27 2406
27 1752
27 2622
27 2314
27 3050
27 2297
27 1751
27 2740
27 2357
27 2319
28 1135
28 1710
28 1161
28 1397
28 3148
28 1978
28 1009
28 2833
28 1708
28 616
29 2200
29 3021
29 2644
29 2420
29 1725
29 2138
29 1257
29 1497
29 2031
29 3131
30 1267
30 2738
30 1747
30 3134
30 1196
30 3088
30 3006
30 1485
30 1854
30 2876
31 2283
31 3047
31 1686
31 2421
31 2370
31 674
31 1891
31 1327
31 2211
31 1144
32 2849
32 2407
32 2535
32 1665
32 1686
32 2423
32 2301
32 3102
32 2710
32 1483
33 1046
33 2977
33 397
33 2820
33 2544
33 980
33 2957
33 1867
33 1160
33 1523
34 2722
34 3011
34 3082
34 1602
34 2485
34 2305
34 1425
34 1846
34 3042
34 1237
35 1524
35 1999
35 1644
35 2266
35 842
35 1875
35 2385
35 327
35 182
35 181
36 2112
36 1265
36 2836
36 2110
36 2794
36 1350
36 2698
36 1012
36 2733
36 2739
37 2233
37 2033
37 2184
37 2912
37 243
37 3142
37 2229
37 1003
37 1844
37 2632
38 2082
38 2582
38 2931
38 2233
38 2941
38 2705
38 1698
38 3142
38 670
38 2867
39 2940
39 2931
39 2082
39 1861
39 1902
39 1589
39 1614
39 2785
39 2651
39 3103
40 1470
40 1397
40 1046
40 2003
40 1051
40 1485
40 1135
40 3105
40 1847
40 2450
41 2581
41 1206
41 2248
41 2555
41 1698
41 2080
41 1747
41 3120
41 1409
41 2342
42 2991
42 2711
42 2894
42 462
42 2494
42 2268
42 2951
42 2318
42 1726
42 2990
43 2569
43 2754
43 3107
43 2847
43 3052
43 3098
43 3046
43 2455
43 3125
43 2829
44 2829
44 2523
44 2751
44 2325
44 1002
44 2125
44 533
44 2754
44 2019
44 1653
45 2957
45 2816
45 2860
45 1976
45 2979
45 2765
45 2978
45 2928
45 2526
45 2896
46 1651
46 2561
46 2990
46 1032
46 1236
46 3200
46 675
46 1388
46 2991
46 1002
47 2451
47 2711
47 1236
47 1415
47 1700
47 1433
47 3163
47 1935
47 944
47 2978
48 1392
48 2522
48 2556
48 2317
48 1066
48 2471
48 1835
48 2379
48 585
48 1651
49 2307
49 1527
49 2451
49 3012
49 2519
49 2631
49 1032
49 2990
49 1456
49 1194
50 1680
50 2714
50 3075
50 3156
50 1811
50 2570
50 2175
50 2645
50 670
50 1960
51 2570
51 3075
51 2714
51 1811
51 3156
51 2175
51 1728
51 2645
51 3006
51 3152
52 3148
52 3144
52 3091
52 3090
52 3088
52 3005
52 2920
52 2873
52 2851
52 2843
53 1186
53 679
53 569
53 514
53 139
53 2229
53 495
53 1707
53 3085
53 1423
54 3101
54 2060
54 1650
54 1463
54 972
54 2911
54 1605
54 616
54 2962
54 1570
55 1665
55 2921
55 2650
55 2838
55 1739
55 1993
55 1898
55 1896
55 1355
55 1906
56 2931
56 1665
56 1046
56 2061
56 397
56 1453
56 2112
56 1678
56 2327
56 2645
57 3140
57 3008
57 2700
57 3199
57 1259
57 3077
57 942
57 1046
57 94
57 2624
58 3138
58 1474
58 2851
58 1691
58 2993
58 2310
58 2849
58 1695
58 2977
58 2787
59 2688
59 1456
59 3041
59 1235
59 2990
59 944
59 1359
59 3096
59 2846
59 1194
60 2147
60 1409
60 1844
60 1750
60 2801
60 1769
60 2380
60 698
60 1774
60 1698
61 2631
61 2561
61 2990
61 1457
61 1711
61 1699
61 2846
61 1236
61 2307
61 1359
62 1961
62 320
62 1368
62 1911
62 2931
62 1725
62 678
62 1856
62 2401
62 1567
63 2289
63 3075
63 2896
63 2557
63 1846
63 2851
63 2973
63 2740
63 2570
63 1957
64 2990
64 1046
64 2160
64 2344
64 2710
64 3166
64 2922
64 1717
64 2973
64 973
