1 1410
1 3077
1 3181
1 1333
1 2572
1 1391
1 397
1 435
1 1280
1 1938
2 3078
2 2434
2 2863
2 397
2 1046
2 1938
2 2874
2 1333
2 2304
2 1278
3 1768
3 1154
3 3142
3 2858
3 1134
3 1350
3 1223
3 2053
3 284
3 3189
4 3128
4 1135
4 2470
4 2931
4 2851
4 964
4 2314
4 1145
4 616
4 2939
5 1829
5 2716
5 1978
5 972
5 2786
5 3127
5 2314
5 1409
5 2003
5 1571
6 695
6 1664
6 2826
6 1113
6 438
6 1365
6 2786
6 1234
6 605
6 1554
7 2376
7 2912
7 2317
7 3043
7 2556
7 3128
7 2033
7 616
7 1381
7 1145
8 2849
8 2951
8 1611
8 3032
8 2371
8 2541
8 2202
8 2625
8 2020
8 2500
9 2849
9 2454
9 3158
9 2371
9 2776
9 2988
9 1811
9 2949
9 2046
9 1695
10 1262
10 2785
10 1603
10 3194
10 2433
10 2514
10 2895
10 1380
10 2060
10 1471
11 2699
11 3171
11 3127
11 1043
11 3027
11 2956
11 2954
11 2593
11 2320
11 2081
12 3127
12 3196
12 2246
12 1930
12 2046
12 1962
12 1924
12 1902
12 1755
12 1753
13 2722
13 1542
13 3005
13 2559
13 2716
13 2944
13 2314
13 1886
13 2598
13 1807
14 2812
14 2716
14 3087
14 3054
14 2860
14 2314
14 2337
14 2964
14 2944
14 3164
15 1947
15 1886
15 2944
15 2146
15 2195
15 3125
15 1676
15 2716
15 2907
15 3024
16 3141
16 2421
16 243
16 1003
16 2376
16 2931
16 3199
16 972
16 2002
16 2217
17 1223
17 1134
17 1387
17 2053
17 1658
17 1154
17 1783
17 1402
17 1392
17 1350
18 2541
18 3112
18 3005
18 2880
18 2138
18 1135
18 1223
18 2651
18 1613
18 1844
19 3156
19 2433
19 2401
19 1957
19 3175
19 2557
19 2570
19 2515
19 2060
19 2714
20 2695
20 2986
20 1457
20 2769
20 2780
20 1961
20 2524
20 2905
20 1563
20 1916
21 2703
21 2750
21 1206
21 2787
21 2189
21 1641
21 585
21 1491
21 2061
21 1496
22 1362
22 1978
22 2341
22 2924
22 146
22 1309
22 1589
22 2402
22 1829
22 1767
23 3072
23 2406
23 2816
23 2798
23 2936
23 2032
23 2767
23 2454
23 3135
23 3131
24 1194
24 1892
24 1410
24 2535
24 1696
24 1540
24 1435
24 1235
24 2882
24 2767
25 3048
25 2318
25 2711
25 2452
25 2741
25 1032
25 2862
25 1517
25 2634
25 2812
26 2376
26 3128
26 2541
26 2320
26 1805
26 2912
26 3048
26 1338
26 1198
26 2256
27 2406
27 2582
27 1752
27 1960
27 2378
27 2314
27 2377
27 2297
27 1456
27 1751
28 3032
28 2849
28 1003
28 2949
28 383
28 1846
28 1928
28 1890
28 2289
28 1685
29 2927
29 3021
29 3037
29 2200
29 1834
29 1497
29 1257
29 1385
29 116
29 63
30 1651
30 2396
30 397
30 1938
30 1665
30 1333
30 1278
30 1272
30 1155
30 3181
31 2829
31 1686
31 2283
31 1929
31 3047
31 2125
31 2913
31 674
31 2370
31 1741
32 2737
32 3139
32 3066
32 2925
32 2686
32 2142
32 2750
32 2524
32 2827
32 2819
33 2957
33 3125
33 1807
33 2950
33 2051
33 2871
33 2925
33 1271
33 3081
33 1135
34 1046
34 2317
34 1623
34 1014
34 492
34 2016
34 462
34 971
34 964
34 1472
35 3175
35 2836
35 2437
35 2681
35 2560
35 2516
35 1474
35 2931
35 2940
35 2692
36 1265
36 2112
36 2698
36 1350
36 2733
36 2110
36 1768
36 2739
36 2702
36 2836
37 2376
37 2233
37 2265
37 243
37 3141
37 2912
37 3148
37 1719
37 1415
37 1745
38 2002
38 2941
38 2815
38 1364
38 2859
38 2497
38 2582
38 3087
38 2082
38 2289
39 2940
39 1589
39 1614
39 2651
39 2178
39 2082
39 2684
39 1605
39 2931
39 1869
40 1485
40 1470
40 2033
40 2940
40 2254
40 2928
40 2373
40 2051
40 1768
40 2850
41 1960
41 1747
41 2080
41 1854
41 3043
41 2597
41 3112
41 3082
41 2740
41 3072
42 2991
42 2561
42 2984
42 2862
42 2268
42 2318
42 2966
42 2307
42 2251
42 2494
43 2924
43 2977
43 2569
43 3107
43 3098
43 2692
43 1182
43 2455
43 2841
43 1113
44 2523
44 2829
44 2751
44 1002
44 533
44 2325
44 1653
44 1686
44 2687
44 2771
45 2816
45 2860
45 1552
45 2928
45 1976
45 2812
45 3002
45 2882
45 1194
45 2888
46 2631
46 1032
46 2307
46 1457
46 1652
46 2561
46 2990
46 1711
46 1665
46 1699
47 1032
47 1651
47 2370
47 2314
47 1929
47 1427
47 3049
47 1855
47 1415
47 2535
48 3087
48 3054
48 867
48 2314
48 2850
48 2616
48 2979
48 2481
48 3069
48 1135
49 2795
49 2959
49 2390
49 1621
49 3012
49 2307
49 1856
49 1653
49 982
49 3177
50 1680
50 2973
50 2570
50 2175
50 2714
50 1613
50 3156
50 3075
50 1811
50 2664
51 2570
51 2714
51 3075
51 3156
51 1613
51 3153
51 2928
51 2973
51 2175
51 1811
52 2721
52 3068
52 3067
52 3059
52 2540
52 1517
52 492
52 2526
52 3026
52 3025
53 1186
53 679
53 569
53 514
53 139
53 2229
53 1707
53 2806
53 2494
53 1836
54 2470
54 2931
54 3031
54 2851
54 2958
54 2342
54 2864
54 2945
54 3105
54 2941
55 1665
55 2921
55 1739
55 2998
55 2650
55 2051
55 1993
55 1906
55 1898
55 1896
56 1665
56 2931
56 2051
56 1154
56 2112
56 1678
56 2061
56 3076
56 2449
56 2327
57 3077
57 3140
57 2700
57 2899
57 1651
57 3008
57 2705
57 2265
57 2850
57 1788
58 2314
58 2245
58 1474
58 2561
58 2795
58 2859
58 2402
58 1517
58 2849
58 2188
59 2631
59 1456
59 3041
59 3053
59 944
59 2990
59 1235
59 1700
59 2905
59 2688
60 1199
60 1409
60 2147
60 1750
60 3130
60 2096
60 2593
60 1325
60 1083
60 3025
61 1272
61 2307
61 2711
61 634
61 2631
61 1236
61 3072
61 1927
61 2990
61 2947
62 2598
62 2979
62 320
62 1961
62 2809
62 2720
62 1806
62 2484
62 2580
62 2060
63 1846
63 320
63 2740
63 2973
63 2570
63 3073
63 2289
63 3075
63 2266
63 2195
64 2051
64 1046
64 1972
64 1957
64 2902
64 2855
64 2838
64 1264
64 2184
64 2168
