1 1410
1 2319
1 397
1 1046
1 1408
1 2629
1 2317
1 3069
1 1854
1 2313
2 3078
2 2434
2 2863
2 397
2 1046
2 1014
2 492
2 435
2 1397
2 1867
3 1154
3 1223
3 799
3 265
3 2629
3 1350
3 1988
3 2886
3 205
3 1402
4 1135
4 2931
4 3128
4 3043
4 2377
4 2376
4 1145
4 3049
4 2438
4 2342
5 3011
5 1829
5 1978
5 2321
5 1238
5 2035
5 1409
5 3147
5 3050
5 2786
6 695
6 2826
6 1014
6 492
6 435
6 1397
6 1867
6 616
6 1623
6 531
7 3043
7 1623
7 3128
7 2949
7 2912
7 616
7 2317
7 2376
7 1397
7 1381
8 2625
8 2541
8 3032
8 2951
8 2358
8 1877
8 1611
8 1879
8 1869
8 3083
9 2849
9 1846
9 3068
9 2358
9 2372
9 1928
9 3137
9 2776
9 3158
9 2454
10 2514
10 2785
10 2266
10 3075
10 2851
10 2895
10 1795
10 2289
10 1536
10 2342
11 2699
11 2956
11 1923
11 3171
11 3077
11 2906
11 2198
11 2003
11 724
11 3150
12 3127
12 1930
12 3196
12 2246
12 1877
12 1854
12 1810
12 1728
12 1647
12 1517
13 1947
13 2722
13 2716
13 3054
13 3053
13 2433
13 2858
13 1807
13 3080
13 2929
14 3087
14 2181
14 2931
14 2716
14 2812
14 3131
14 2289
14 2674
14 3112
14 3017
15 3125
15 1947
15 1807
15 1223
15 2716
15 2195
15 2188
15 3054
15 2897
15 2923
16 2217
16 2438
16 243
16 2931
16 1135
16 1003
16 2890
16 2378
16 3148
16 3141
17 1223
17 2253
17 1154
17 1134
17 1658
17 3080
17 3054
17 3053
17 1947
17 2433
18 2138
18 243
18 1826
18 3074
18 2706
18 2156
18 1223
18 2266
18 1844
18 3127
19 2557
19 1957
19 2433
19 2838
19 2570
19 3075
19 2973
19 1468
19 950
19 1601
20 2695
20 2524
20 2986
20 1563
20 2905
20 1457
20 2769
20 2232
20 2167
20 2888
21 2931
21 2325
21 2189
21 3086
21 3057
21 1309
21 2702
21 1462
21 2251
21 1650
22 2924
22 2687
22 2004
22 2967
22 1978
22 2913
22 2751
22 2402
22 2421
22 2188
23 3148
23 2276
23 2849
23 2406
23 2081
23 2216
23 1780
23 1153
23 3137
23 3128
24 1410
24 1194
24 2535
24 1435
24 1892
24 2882
24 268
24 1235
24 2767
24 2742
25 2951
25 2634
25 2894
25 2268
25 2452
25 2217
25 1653
25 2812
25 1728
25 1032
26 2938
26 3105
26 2716
26 2632
26 2541
26 2840
26 3128
26 2314
26 1463
26 2060
27 1752
27 2406
27 3050
27 2622
27 2314
27 1751
27 2297
27 2864
27 2740
27 2500
28 3032
28 2849
28 1846
28 2949
28 2890
28 2274
28 2951
28 2197
28 1695
28 1181
29 2200
29 3021
29 2420
29 1725
29 2217
29 1497
29 1257
29 2031
29 1697
29 1385
30 1977
30 1929
30 2457
30 2152
30 1046
30 397
30 1989
30 1890
30 1860
30 1856
31 3047
31 1686
31 2370
31 674
31 2283
31 1891
31 2421
31 1144
31 1741
31 3015
32 3018
32 2819
32 2524
32 3132
32 1433
32 2890
32 2450
32 2142
32 492
32 3139
33 1807
33 1636
33 2950
33 3125
33 2820
33 1135
33 2697
33 1046
33 397
33 1271
34 1014
34 492
34 435
34 1397
34 1867
34 616
34 1623
34 531
34 1620
34 1046
35 1386
35 1524
35 111
35 2900
35 2696
35 2471
35 2354
35 2268
35 2217
35 2093
36 1265
36 2112
36 2110
36 1350
36 2836
36 2733
36 2698
36 1012
36 2739
36 2794
37 243
37 2376
37 1179
37 1960
37 2233
37 1719
37 1745
37 1747
37 3128
37 3087
38 2582
38 2941
38 3148
38 2867
38 2356
38 2247
38 670
38 2082
38 2705
38 2233
39 2931
39 2940
39 1861
39 1902
39 1614
39 2651
39 2254
39 3103
39 1589
39 2684
40 1324
40 1470
40 1046
40 1485
40 1397
40 2033
40 1098
40 2684
40 1457
40 2254
41 1698
41 1747
41 1960
41 2851
41 1206
41 2080
41 2895
41 3059
41 2977
41 2376
42 2991
42 2711
42 2268
42 2951
42 2634
42 2494
42 2318
42 2990
42 2542
42 2812
43 2569
43 3125
43 2883
43 2754
43 2455
43 3107
43 3098
43 3052
43 3046
43 2847
44 2523
44 2829
44 2751
44 1002
44 2325
44 533
44 1653
44 2125
44 2019
44 2754
45 2816
45 2957
45 2979
45 2860
45 2765
45 1976
45 2928
45 1194
45 2307
45 2978
46 1032
46 2990
46 2561
46 1457
46 2631
46 944
46 1236
46 1651
46 675
46 1290
47 1032
47 1359
47 2370
47 1855
47 1527
47 1108
47 1135
47 1929
47 2645
47 1824
48 2522
48 585
48 1835
48 2379
48 2317
48 1392
48 1324
48 2556
48 1066
48 2471
49 2307
49 2795
49 1032
49 3134
49 3012
49 1527
49 2451
49 2519
49 2990
49 2631
50 1680
50 2570
50 2714
50 3156
50 3075
50 1811
50 2175
50 670
50 2645
50 1960
51 2570
51 3075
51 2714
51 3156
51 1811
51 2175
51 2645
51 2522
51 2450
51 1728
52 2721
52 3070
52 633
52 1912
52 1653
52 757
52 2931
52 2798
52 2542
52 1518
53 1186
53 679
53 569
53 514
53 139
53 2229
53 1707
53 2769
53 2210
53 1836
54 3105
54 2314
54 2931
54 616
54 2083
54 1457
54 1650
54 1307
54 1677
54 972
55 2921
55 1665
55 2650
55 1453
55 2051
55 1993
55 1906
55 1898
55 1896
55 1355
56 2931
56 397
56 1046
56 1665
56 1453
56 1678
56 2112
56 2645
56 2449
56 2327
57 3077
57 3140
57 2700
57 3008
57 196
57 2850
57 3191
57 2852
57 1183
57 1771
58 3138
58 1474
58 1695
58 1698
58 3136
58 867
58 1344
58 1433
58 1206
58 2634
59 1456
59 2688
59 3041
59 944
59 2990
59 1235
59 144
59 1681
59 1359
59 2795
60 698
60 1750
60 2801
60 1769
60 2147
60 1844
60 1409
60 2380
60 2928
60 2593
61 2631
61 2561
61 2070
61 1681
61 2307
61 440
61 2516
61 1935
61 3134
61 2114
62 1961
62 320
62 2484
62 2809
62 2720
62 2932
62 2931
62 2598
62 1948
62 1309
63 3075
63 2289
63 1846
63 1957
63 2838
63 2570
63 2557
63 2433
63 2740
63 320
64 2538
64 482
64 3032
64 3030
64 1485
64 3008
64 1470
64 2484
64 1972
64 1457
