1 1487
1 1605
1 1827
1 1844
1 2947
1 585
1 637
1 1033
1 1161
1 1225
2 2786
2 497
2 616
2 1010
2 1062
2 1264
2 1272
2 1379
2 1652
2 1674
3 1988
3 205
3 252
3 303
3 464
3 637
3 1003
3 1029
3 1135
3 1154
4 2931
4 2851
4 2060
4 2342
4 616
4 1135
4 2314
4 2438
4 1145
4 1253
5 1671
5 1978
5 2786
5 1824
5 1829
5 2035
5 2247
5 2483
5 2629
5 1589
6 2931
6 321
6 417
6 531
6 616
6 670
6 695
6 1341
6 1698
6 1727
7 1665
7 2111
7 2317
7 2912
7 1135
7 1623
7 2342
7 2871
7 2905
7 3043
8 2951
8 2541
8 1752
8 1846
8 1877
8 1928
8 2320
8 2625
8 2632
8 2776
9 2849
9 1928
9 2358
9 2372
9 2776
9 2951
9 3137
9 46
9 441
9 696
10 1309
10 1536
10 1795
10 2265
10 2266
10 2289
10 2785
10 2851
10 2895
10 2931
11 2699
11 2906
11 724
11 3077
11 2091
11 3148
11 3150
11 3171
11 2198
11 2003
12 2080
12 3105
12 2095
12 3127
12 2111
12 3137
12 2138
12 2184
12 1226
12 1236
13 1195
13 1234
13 1235
13 1542
13 1564
13 1651
13 1886
13 1947
13 2253
13 2433
14 1412
14 1423
14 1752
14 1886
14 2289
14 2314
14 2674
14 2679
14 2716
14 2750
15 3125
15 278
15 695
15 972
15 1197
15 1750
15 1824
15 2003
15 2065
15 2188
16 1135
16 243
16 696
16 2002
16 2184
16 2378
16 2582
16 2622
16 2629
16 2750
17 1223
17 2253
17 1134
17 1154
17 1389
17 1523
17 1542
17 1564
17 1658
17 1665
18 2138
18 670
18 1665
18 1988
18 243
18 249
18 303
18 637
18 1099
18 1135
19 3075
19 2570
19 1601
19 2692
19 2289
19 2433
19 2838
19 2973
19 1957
19 950
20 2524
20 2695
20 2986
20 1145
20 1423
20 1457
20 1504
20 1563
20 1886
20 1924
21 2189
21 2325
21 2931
21 321
21 719
21 1265
21 1309
21 1350
21 1462
21 1496
22 1978
22 2402
22 2692
22 2913
22 2924
22 616
22 1159
22 1906
22 2004
22 2631
23 2081
23 1411
23 1423
23 1946
23 2060
23 2092
23 2114
23 2130
23 2169
23 2216
24 20
24 3120
24 1194
24 2931
24 1410
24 942
24 3072
24 3073
24 1540
24 1541
25 2268
25 2318
25 2634
25 2812
25 2951
25 1030
25 1032
25 1347
25 1518
25 1728
26 3105
26 696
26 2080
26 2314
26 2320
26 2541
26 2632
26 2840
26 3128
26 59
27 1728
27 1751
27 1752
27 1810
27 2297
27 2314
27 2319
27 2358
27 2406
27 2582
28 616
28 1846
28 441
28 1572
28 1665
28 1728
28 1844
28 1928
28 2046
28 2060
29 942
29 2167
29 2200
29 2232
29 2276
29 2289
29 2402
29 2524
29 2644
29 3021
30 2876
30 1926
30 2341
30 2344
30 3142
30 300
30 724
30 1099
30 1112
30 1170
31 1665
31 2051
31 2893
31 616
31 1066
31 1350
31 1824
31 2188
31 2931
31 730
32 1433
32 1172
32 1415
32 1665
32 1725
32 2177
32 2402
32 2697
32 2883
32 3021
33 1135
33 1143
33 1334
33 1423
33 2697
33 3059
33 3153
33 497
33 1032
33 1147
34 1623
34 1844
34 2194
34 2722
34 2749
34 116
34 278
34 332
34 464
34 492
35 2645
35 1386
35 1393
35 2166
35 2931
35 717
35 1197
35 1265
35 1392
35 1397
36 1012
36 1265
36 1350
36 1768
36 2110
36 2112
36 2794
36 2836
36 1184
36 1453
37 2060
37 2233
37 1003
37 1135
37 1844
37 2184
37 2342
37 2794
37 3142
37 1847
38 2931
38 1698
38 2622
38 2851
38 3002
38 3069
38 3105
38 3142
38 536
38 616
39 2931
39 2940
39 1602
39 1614
39 1861
39 1902
39 2002
39 2254
39 3103
39 3105
40 2060
40 616
40 1588
40 1847
40 2002
40 2265
40 2956
40 1051
40 1098
40 1470
41 2541
41 3128
41 1747
41 1751
41 2080
41 2522
41 2851
41 3153
41 278
41 1099
42 462
42 1726
42 2215
42 2402
42 2829
42 2849
42 2894
42 851
42 893
42 1030
43 1272
43 1528
43 2402
43 320
43 462
43 1260
43 1325
43 1427
43 1517
43 1553
44 464
44 533
44 1002
44 1003
44 1160
44 1235
44 1260
44 1272
44 1307
44 1308
45 1652
45 1680
45 2631
45 2988
45 409
45 1066
45 1194
45 1412
45 1456
45 1519
46 1032
46 2990
46 329
46 675
46 944
46 1236
46 1457
46 1652
46 1665
46 2265
47 1359
47 1506
47 1527
47 1651
47 1652
47 1680
47 1699
47 1824
47 1908
47 2314
48 1066
48 2314
48 409
48 1433
48 1651
48 1677
48 2310
48 2402
48 2646
48 2695
49 616
49 2402
49 2631
49 1032
49 1066
49 1135
49 1236
49 1388
49 1652
49 1699
50 1680
50 440
50 634
50 670
50 675
50 891
50 1032
50 1194
50 1236
50 1359
51 2570
51 3075
51 1468
51 1601
51 1728
51 1752
51 1811
51 1957
51 2175
51 2289
52 2721
52 104
52 605
52 675
52 1165
52 1199
52 1234
52 1253
52 1288
52 1366
53 2210
53 727
53 1186
53 48
53 2177
53 2327
53 284
53 2420
53 495
53 2554
54 2931
54 3031
54 1135
54 1902
54 2342
54 2705
54 2958
54 3105
54 409
54 949
55 1665
55 1846
55 2921
55 1223
55 1235
55 1237
55 1324
55 1366
55 1379
55 1456
56 2931
56 1665
56 2470
56 2645
56 464
56 724
56 1048
56 1216
56 1223
56 1253
57 3077
57 3103
57 3140
57 1029
57 1155
57 1458
57 1469
57 1677
57 1705
57 1834
58 2849
58 1433
58 1609
58 1474
58 1665
58 1695
58 1698
58 2167
58 2188
58 2604
59 1456
59 1700
59 2753
59 1665
59 3087
59 144
59 1235
59 1681
59 2046
59 2127
60 1572
60 1844
60 695
60 1366
60 2812
60 3026
60 3142
60 616
60 670
60 1750
61 2711
61 2451
61 1236
61 1700
61 2307
61 2561
61 2631
61 1135
61 1194
61 1641
62 1856
62 320
62 335
62 1143
62 1309
62 1368
62 1595
62 1825
62 1888
62 1911
63 2289
63 2232
63 2402
63 2851
63 2884
63 3039
63 3075
63 320
63 409
63 462
64 2002
64 2232
64 497
64 595
64 1051
64 1665
64 1847
64 1878
64 1976
64 2060
