1 1591
1 1827
1 3087
1 1665
1 1680
1 2344
1 1033
1 2319
1 1605
1 2188
2 3059
2 1665
2 2931
2 531
2 3034
2 1470
2 1727
2 1379
2 1641
2 670
3 2233
3 1366
3 1665
3 2931
3 1135
3 2002
3 3015
3 3077
3 1727
3 2889
4 2233
4 1665
4 2931
4 1856
4 1727
4 2916
4 2002
4 3077
4 1003
4 2289
5 2233
5 1665
5 2931
5 1856
5 2002
5 1727
5 2916
5 1366
5 2470
5 2344
6 2233
6 1665
6 2931
6 1727
6 1856
6 2916
6 2002
6 2911
6 2470
6 2344
7 2233
7 1665
7 2931
7 1727
7 1856
7 2002
7 3077
7 2289
7 2916
7 1366
8 2217
8 2289
8 2776
8 2931
8 3077
8 531
8 637
8 1928
8 1847
8 2181
9 1928
9 1366
9 3077
9 2931
9 2198
9 2979
9 3076
9 2002
9 1680
9 796
10 1366
10 1098
10 2217
10 2316
10 2289
10 2645
10 3077
10 1811
10 397
10 2181
11 2923
11 1366
11 2208
11 1098
11 2316
11 3077
11 2705
11 2317
11 2699
11 2906
12 2198
12 2882
12 2985
12 1462
12 3068
12 2319
12 3150
12 2127
12 1572
12 1591
13 2897
13 48
13 1362
13 2217
13 397
13 2181
13 2289
13 1726
13 2645
13 1315
14 2233
14 1135
14 3015
14 2889
14 2181
14 2289
14 1665
14 1727
14 2002
14 1366
15 2233
15 2002
15 1366
15 1665
15 1135
15 2931
15 2344
15 3015
15 2889
15 3077
16 2233
16 2002
16 2931
16 1665
16 1135
16 1366
16 3077
16 2198
16 3160
16 2181
17 2233
17 1366
17 2002
17 1665
17 2931
17 1135
17 3077
17 3015
17 2181
17 2198
18 1366
18 3077
18 1665
18 2233
18 2217
18 3087
18 2289
18 2181
18 1098
18 1811
19 3166
19 2884
19 2902
19 2692
19 2767
19 2273
19 2263
19 2950
19 1601
19 2289
20 1856
20 2931
20 321
20 3152
20 1847
20 2263
20 2692
20 2598
20 670
20 696
21 1366
21 2002
21 409
21 1680
21 796
21 3077
21 2931
21 2233
21 2470
21 2753
22 1665
22 1366
22 1847
22 2931
22 2289
22 1856
22 3077
22 1003
22 1408
22 2341
23 1366
23 409
23 1680
23 2002
23 1862
23 2092
23 3077
23 796
23 2233
23 2470
24 2342
24 3043
24 2376
24 3128
24 1135
24 1696
24 2740
24 1748
24 1846
24 3141
25 2233
25 1366
25 2002
25 2181
25 2198
25 1665
25 3077
25 2344
25 1135
25 2931
26 2931
26 2939
26 637
26 1290
26 3034
26 1387
26 1476
26 531
26 1641
26 1665
27 2233
27 1725
27 1135
27 3015
27 2198
27 1856
27 2002
27 1665
27 2889
27 2181
28 2233
28 1665
28 1727
28 2931
28 1856
28 2916
28 2289
28 2181
28 3077
28 2002
29 1366
29 2229
29 409
29 1680
29 2002
29 796
29 2233
29 2753
29 2470
29 2979
30 2144
30 1856
30 2702
30 1936
30 2569
30 2876
30 2851
30 1847
30 1408
30 2198
31 2233
31 1665
31 1856
31 2931
31 1727
31 2002
31 2470
31 2916
31 3077
31 2911
32 2233
32 1665
32 1856
32 1727
32 2931
32 2916
32 2289
32 2002
32 2911
32 2181
33 2233
33 1665
33 1727
33 1856
33 2931
33 2916
33 2002
33 2344
33 1003
33 2181
34 2233
34 1665
34 1727
34 2002
34 2931
34 2889
34 3015
34 1135
34 2851
34 1847
35 2233
35 2002
35 1366
35 1665
35 2931
35 3077
35 1135
35 2344
35 278
35 2714
36 1350
36 2061
36 1162
36 1265
36 2739
36 1454
36 2030
36 2217
36 1455
36 1527
37 2233
37 1665
37 1856
37 1727
37 2931
37 2916
37 2002
37 2470
37 1936
37 2344
38 1665
38 1856
38 2233
38 1727
38 2931
38 1936
38 2916
38 2470
38 1003
38 1408
39 2233
39 2931
39 1856
39 1665
39 2002
39 1366
39 1135
39 3015
39 3077
39 2889
40 2233
40 2931
40 1665
40 1727
40 2916
40 1856
40 2911
40 1936
40 2470
40 2922
41 2233
41 1366
41 2002
41 2931
41 3077
41 1665
41 2198
41 2181
41 2289
41 1135
42 1366
42 1680
42 1653
42 796
42 2812
42 1543
42 2233
42 2979
42 1771
42 2002
43 2233
43 1366
43 2002
43 1665
43 1135
43 2181
43 3077
43 2931
43 2198
43 2344
44 2233
44 1366
44 1135
44 1665
44 2181
44 2002
44 3015
44 1650
44 1003
44 1404
45 2233
45 1665
45 1856
45 2931
45 1727
45 2002
45 2344
45 2470
45 1135
45 2916
46 2233
46 1856
46 1665
46 2931
46 1727
46 2002
46 2470
46 2344
46 1366
46 2181
47 1665
47 2233
47 1856
47 1727
47 2931
47 2344
47 2916
47 2002
47 1936
47 1003
48 2233
48 1665
48 1727
48 2931
48 1856
48 2916
48 2002
48 2198
48 2344
48 2181
49 2233
49 1665
49 1727
49 2916
49 2931
49 1856
49 2198
49 2889
49 2002
49 2344
50 1665
50 1811
50 2931
50 531
50 1641
50 3034
50 1457
50 2175
50 2990
50 2572
51 1366
51 1665
51 1680
51 409
51 2002
51 796
51 2233
51 2470
51 2753
51 2979
52 1366
52 2931
52 1928
52 3077
52 2979
52 2721
52 796
52 2233
52 1665
52 1847
53 2714
53 278
53 2144
53 2096
53 2031
53 1501
53 2981
53 1423
53 717
53 2986
54 2233
54 1665
54 2002
54 1366
54 1135
54 3077
54 2931
54 3015
54 2198
54 2889
55 2233
55 1665
55 2002
55 1366
55 1135
55 1650
55 2931
55 3015
55 2889
55 1725
56 2233
56 1665
56 1856
56 2931
56 1727
56 2002
56 2470
56 2916
56 1366
56 2344
57 1665
57 2233
57 1856
57 3077
57 2931
57 1727
57 2344
57 2002
57 1003
57 1470
58 2233
58 1366
58 2002
58 1665
58 2931
58 3077
58 1856
58 2470
58 3087
58 1727
59 2233
59 1856
59 1665
59 2002
59 2931
59 1366
59 3077
59 2289
59 1650
59 1135
60 1856
60 2002
60 2931
60 2753
60 1844
60 695
60 1366
60 1680
60 1665
60 3087
61 2233
61 1665
61 1727
61 1856
61 2916
61 2931
61 2002
61 2344
61 1470
61 2889
62 1366
62 1856
62 2217
62 3077
62 2233
62 1379
62 2181
62 2164
62 3087
62 2931
63 1366
63 2289
63 3077
63 409
63 3087
63 2233
63 2217
63 1680
63 2181
63 2734
64 2753
64 2931
64 2470
64 2002
64 1665
64 1366
64 2144
64 1390
64 1680
64 409
