1 1591
1 2319
1 1680
1 1938
1 1908
1 1844
1 1572
1 2344
1 1827
1 1410
2 335
2 3059
2 727
2 1364
2 3078
2 1727
2 1379
2 1012
2 497
2 2194
3 1366
3 1098
3 2316
3 2705
3 2603
3 1135
3 1988
3 3115
3 1134
3 1350
4 2342
4 2377
4 2931
4 1135
4 1665
4 1727
4 3043
4 3059
4 2870
4 2939
5 2692
5 1272
5 2003
5 2035
5 2106
5 1829
5 2716
5 1188
5 2321
5 3059
6 2931
6 2826
6 2828
6 1543
6 2753
6 3035
6 2721
6 695
6 2176
6 670
7 3043
7 2342
7 2862
7 3014
7 3077
7 3021
7 3059
7 3104
7 2233
7 1665
8 2776
8 2625
8 2499
8 1685
8 2951
8 1695
8 2500
8 2197
8 2020
8 1869
9 2776
9 2849
9 2372
9 1685
9 2870
9 1695
9 3068
9 2949
9 2197
9 2951
10 1366
10 1098
10 2316
10 2851
10 1811
10 1601
10 2342
10 1262
10 2714
10 2705
11 2923
11 2208
11 1366
11 1098
11 2699
11 2316
11 3077
11 2906
11 2705
11 2922
12 3127
12 1930
12 2246
12 2319
12 1591
12 3068
12 1462
12 2740
12 1680
12 2198
13 2897
13 48
13 1362
13 1652
13 2344
13 2711
13 2645
13 1901
13 2835
13 1066
14 2876
14 3011
14 1724
14 2816
14 3087
14 2289
14 2263
14 2181
14 2882
14 2817
15 2344
15 2835
15 2923
15 2929
15 1961
15 3018
15 3125
15 3080
15 1676
15 2701
16 2342
16 3021
16 1135
16 849
16 2740
16 409
16 2160
16 2217
16 3114
16 243
17 2897
17 1362
17 48
17 1652
17 2344
17 1134
17 1676
17 2491
17 1223
17 3080
18 1811
18 2897
18 1665
18 48
18 1362
18 1366
18 2714
18 1098
18 1652
18 1154
19 1601
19 2714
19 1262
19 1811
19 2851
19 2342
19 3166
19 2884
19 2902
19 2692
20 2289
20 2177
20 1847
20 3152
20 2081
20 2986
20 3115
20 2484
20 2232
20 2695
21 2702
21 1659
21 3166
21 2645
21 2927
21 3018
21 2828
21 1135
21 2884
21 2950
22 2188
22 2751
22 2925
22 3047
22 2924
22 3059
22 2692
22 3049
22 2827
22 2845
23 2849
23 2709
23 1525
23 3148
23 1862
23 3011
23 3043
23 3082
23 3166
23 2884
24 2342
24 1696
24 3043
24 2376
24 3128
24 1135
24 2740
24 1748
24 1846
24 3141
25 1653
25 2344
25 2542
25 3048
25 2990
25 2812
25 1719
25 2535
25 3136
25 2886
26 2870
26 2377
26 2939
26 1290
26 2709
26 1591
26 2626
26 1476
26 2319
26 3068
27 3011
27 2918
27 2669
27 2798
27 2902
27 1725
27 1856
27 2319
27 2297
27 2988
28 3032
28 2849
28 2890
28 2776
28 2949
28 1695
28 2197
28 1685
28 2951
28 1906
29 2229
29 2644
29 1385
29 2420
29 1933
29 2200
29 2232
29 1697
29 2794
29 1679
30 1856
30 2144
30 3142
30 2876
30 2931
30 1012
30 2882
30 2537
30 2501
30 2985
31 3047
31 533
31 1327
31 2826
31 1741
31 3077
31 3015
31 1721
31 3059
31 2125
32 2289
32 2177
32 1847
32 1145
32 3059
32 3139
32 2883
32 1721
32 1961
32 1727
33 2887
33 2554
33 2369
33 3059
33 2805
33 1727
33 2697
33 1404
33 2233
33 2884
34 397
34 1524
34 1644
34 1726
34 1440
34 2181
34 1386
34 2808
34 2184
34 2722
35 2850
35 1397
35 1474
35 1386
35 2167
35 2714
35 2166
35 1644
35 2165
35 2931
36 1350
36 1265
36 2061
36 1527
36 2030
36 2110
36 1012
36 2739
36 1162
36 2811
37 2265
37 2233
37 2342
37 2376
37 3021
37 2651
37 2931
37 2470
37 2060
37 2033
38 2931
38 1727
38 3059
38 2470
38 2233
38 2265
38 2144
38 3103
38 2082
38 2714
39 2406
39 2651
39 3103
39 2931
39 1366
39 1098
39 2265
39 2958
39 2940
39 2799
40 1098
40 1366
40 1588
40 2265
40 2406
40 2316
40 2931
40 1470
40 2233
40 2651
41 2342
41 3043
41 2499
41 2849
41 3128
41 2862
41 48
41 2931
41 2376
41 3148
42 2215
42 1653
42 2231
42 2402
42 462
42 2232
42 1527
42 2344
42 2494
42 2542
43 2569
43 2703
43 1554
43 2746
43 1527
43 3100
43 1404
43 1265
43 2341
43 2402
44 2829
44 1404
44 2523
44 2923
44 2125
44 2494
44 2812
44 2771
44 2325
44 2210
45 1976
45 2816
45 2344
45 2978
45 3152
45 2359
45 1032
45 1412
45 2957
45 3002
46 329
46 2711
46 2990
46 1653
46 1032
46 1457
46 2882
46 2288
46 3134
46 2344
47 2726
47 2598
47 2288
47 2882
47 2053
47 1936
47 2990
47 3134
47 2344
47 2848
48 1771
48 3130
48 2106
48 1066
48 2406
48 2314
48 3010
48 2899
48 2884
48 1654
49 2882
49 3134
49 2288
49 3059
49 2990
49 1699
49 1457
49 1032
49 1727
49 891
50 1811
50 1665
50 2288
50 2882
50 2714
50 3134
50 891
50 1457
50 1699
50 1825
51 1811
51 1665
51 2714
51 3006
51 3075
51 1825
51 2017
51 2277
51 2669
51 3156
52 1366
52 2721
52 3070
52 1928
52 3048
52 2749
52 1030
52 1805
52 1572
52 1890
53 2981
53 2031
53 2714
53 2986
53 2420
53 2210
53 1476
53 2851
53 1948
53 241
54 2470
54 3077
54 2178
54 3014
54 2958
54 1098
54 3103
54 3104
54 1366
54 3031
55 3064
55 1665
55 2921
55 1739
55 3096
55 1846
55 1366
55 1886
55 2650
55 1098
56 2931
56 2327
56 1366
56 1665
56 1098
56 1154
56 2921
56 2645
56 2316
56 2470
57 3077
57 3140
57 2922
57 2470
57 1705
57 1194
57 3175
57 2931
57 1469
57 1771
58 1366
58 1344
58 1631
58 3049
58 3142
58 2144
58 3138
58 1591
58 1474
58 1398
59 1665
59 2111
59 2905
59 1235
59 1681
59 2711
59 1456
59 1051
59 3134
59 2739
60 2876
60 695
60 2967
60 3087
60 1366
60 2593
60 2816
60 3011
60 3142
60 2424
61 2711
61 2882
61 3129
61 3134
61 397
61 1936
61 2033
61 1457
61 1236
61 2451
62 1961
62 1856
62 1725
62 2931
62 2342
62 2702
62 2327
62 1601
62 2851
62 2714
63 2342
63 2851
63 2884
63 1601
63 2289
63 3166
63 1811
63 2714
63 1262
63 2263
64 2651
64 1588
64 2144
64 3112
64 3059
64 527
64 1307
64 1878
64 2723
64 1051
