1 2629
1 1854
1 1844
1 1827
1 1752
1 1605
1 1572
1 1519
1 1506
1 1487
2 1014
2 1523
2 492
2 1503
2 1498
2 2519
2 2002
2 1486
2 971
2 3005
3 1496
3 3030
3 1988
3 2939
3 1350
3 2886
3 799
3 265
3 1788
3 205
4 2931
4 1135
4 3128
4 3043
4 2939
4 2851
4 3120
4 3049
4 616
4 2438
5 1978
5 2035
5 1829
5 1671
5 3011
5 2629
5 2003
5 1960
5 1937
5 1853
6 417
6 2931
6 1385
6 2873
6 2828
6 2826
6 695
6 2230
6 2721
6 2046
7 3043
7 2912
7 2317
7 1623
7 1381
7 1145
7 3128
7 2111
7 1948
7 1854
8 2951
8 1877
8 2541
8 1928
8 1846
8 1752
8 1611
8 3032
8 2849
8 2776
9 2849
9 1928
9 1846
9 3137
9 3068
9 2951
9 2776
9 2372
9 2358
9 2046
10 2514
10 2931
10 2895
10 2851
10 1309
10 2842
10 1795
10 2289
10 2785
10 2266
11 2003
11 2956
11 1923
11 2906
11 724
11 2198
11 2699
11 3171
11 3150
11 3148
12 1877
12 1854
12 1810
12 1728
12 1647
12 1517
12 1462
12 1461
12 1324
12 1247
13 1947
13 2559
13 3054
13 3053
13 2537
13 2524
13 3005
13 2433
13 2944
13 2929
14 3131
14 2931
14 2890
14 2819
14 2812
14 2716
14 2674
14 2314
14 2289
14 1886
15 3125
15 3054
15 1947
15 2944
15 2943
15 2940
15 2923
15 2396
15 2897
15 2851
16 1135
16 2740
16 2629
16 2582
16 2378
16 243
16 2184
16 2002
16 1959
16 1928
17 1223
17 2253
17 1523
17 3054
17 3053
17 3005
17 2491
17 1947
17 2968
17 2433
18 1988
18 1852
18 1665
18 1223
18 2138
18 1923
18 1844
18 1824
18 1811
18 1807
19 2557
19 1468
19 950
19 1957
19 2973
19 2433
19 2838
19 2289
19 2692
19 1601
20 2695
20 2524
20 2986
20 2557
20 1504
20 3018
20 2490
20 2484
20 1457
20 2453
21 2931
21 2325
21 2189
21 1957
21 1886
21 1811
21 1706
21 1658
21 1650
21 1619
22 2924
22 2913
22 2751
22 2004
22 1978
22 1145
22 2967
22 2828
22 2692
22 2687
23 2081
23 1946
23 1873
23 1423
23 1411
23 3166
23 3148
23 3124
23 3032
23 2963
24 942
24 1410
24 2931
24 1194
24 3120
24 20
24 1535
24 2046
24 3068
24 2555
25 2951
25 2812
25 2634
25 2318
25 2268
25 1938
25 1908
25 1728
25 1518
25 1347
26 3105
26 3128
26 3050
26 2849
26 2840
26 696
26 2632
26 2541
26 2320
26 2314
27 1810
27 1752
27 1751
27 1728
27 3050
27 3006
27 3000
27 2988
27 2864
27 2740
28 3032
28 1846
28 1601
28 1397
28 2951
28 2949
28 2890
28 2776
28 616
28 397
29 3021
29 942
29 2524
29 2276
29 2232
29 2200
29 2167
29 2031
29 1957
29 1946
30 1926
30 1457
30 2030
30 2002
30 1977
30 1929
30 1856
30 1854
30 1747
30 1739
31 1686
31 2188
31 3047
31 2893
31 2370
31 1929
31 1680
31 1665
31 1543
31 1423
32 3018
32 1905
32 1423
32 1145
32 3139
32 2883
32 1839
32 1529
32 1504
32 1350
33 1143
33 2697
33 2043
33 1954
33 1766
33 3153
33 3016
33 2544
33 2047
33 1968
34 1524
34 1999
34 1620
34 1567
34 1046
34 1015
34 1014
34 3058
34 497
34 3057
35 3071
35 2645
35 1386
35 2931
35 2164
35 1397
35 1392
35 3203
35 3175
35 3163
36 2110
36 1350
36 1265
36 1012
36 2836
36 2794
36 2739
36 2703
36 2698
36 2546
37 2233
37 1828
37 3142
37 3103
37 1003
37 2376
37 243
37 1960
37 1747
37 1719
38 3105
38 3103
38 3031
38 2941
38 2931
38 670
38 2705
38 2233
38 2082
38 2002
39 1861
39 1614
39 2940
39 2931
39 1902
39 3105
39 3103
39 2957
39 2651
39 2254
40 1470
40 1324
40 1588
40 1485
40 1457
40 1098
40 3106
40 3105
40 1051
40 2957
41 1960
41 1747
41 3153
41 2080
41 1877
41 1854
41 3128
41 3072
41 3043
41 3006
42 462
42 1726
42 2894
42 2402
42 2215
42 1030
42 3072
42 2991
42 2951
42 2849
43 1528
43 1272
43 2402
43 1726
43 1553
43 1515
43 1366
43 1325
43 1260
43 3197
44 1002
44 2325
44 1997
44 1916
44 1885
44 1809
44 1726
44 1686
44 1658
44 1653
45 1194
45 1960
45 1680
45 1412
45 1226
45 1032
45 3002
45 2951
45 2816
45 2812
46 1032
46 2990
46 1457
46 2711
46 1665
46 1653
46 1652
46 1236
46 944
46 675
47 1680
47 1194
47 1032
47 2645
47 2451
47 1908
47 1855
47 1827
47 1824
47 1699
48 1433
48 3032
48 2646
48 2314
48 1066
48 3087
48 2931
48 2592
48 2522
48 2433
49 1514
49 3134
49 1032
49 3012
49 2990
49 2795
49 2307
49 2046
49 2002
49 1959
50 1680
50 1960
50 1935
50 1846
50 1811
50 1711
50 1700
50 1699
50 1681
50 1652
51 2570
51 3075
51 2557
51 2522
51 3006
51 1468
51 950
51 1957
51 2973
51 2450
52 2721
52 3070
52 633
52 1912
52 1653
52 757
52 2931
52 2798
52 2542
52 1518
53 2210
53 1609
53 1567
53 1066
53 2769
53 2032
53 2031
53 1948
53 1887
53 1870
54 2931
54 1902
54 3105
54 3031
54 2958
54 1470
54 1457
54 1135
54 1098
54 3103
55 2921
55 1665
55 1469
55 1453
55 1379
55 1846
55 1324
55 1323
55 2767
55 1223
56 2931
56 1453
56 2470
56 2327
56 1665
56 2645
56 464
56 2998
56 1425
56 2449
57 3077
57 3140
57 2850
57 2802
57 2705
57 1705
57 1469
57 1183
57 3204
57 3202
58 1695
58 3049
58 2167
58 1698
58 1671
58 1474
58 1433
58 1344
58 1171
58 3138
59 1456
59 1700
59 1681
59 1665
59 1359
59 3087
59 2795
59 2753
59 144
59 2046
60 1844
60 1750
60 1572
60 1518
60 1366
60 3142
60 3092
60 2988
60 2812
60 2593
61 2711
61 2307
61 1935
61 1236
61 1194
61 2451
61 1700
61 3134
61 2753
61 2631
62 1961
62 2720
62 1957
62 1948
62 1888
62 1856
62 1806
62 1664
62 1603
62 1566
63 3075
63 2884
63 2289
63 2232
63 1957
63 1946
63 1846
63 1795
63 1601
63 1572
64 2538
64 482
64 3032
64 3030
64 2513
64 1485
64 3008
64 1470
64 2998
64 2484
