1 1391
1 972
1 1225
1 1827
1 2667
1 1605
1 2153
1 585
1 1033
1 2947
2 2434
2 2786
2 1010
2 2177
2 3144
2 2863
2 2688
2 1741
2 1379
2 616
3 2423
3 1787
3 254
3 1223
3 2652
3 2971
3 1988
3 1179
3 2786
3 990
4 3128
4 1272
4 2166
4 441
4 2905
4 3103
4 2377
4 3008
4 964
4 2902
5 3127
5 2357
5 2035
5 2710
5 1642
5 1742
5 2957
5 2169
5 2716
5 1409
6 1440
6 417
6 1046
6 2826
6 964
6 1145
6 2230
6 1443
6 2986
6 1341
7 2903
7 2754
7 2111
7 3006
7 1948
7 3141
7 2745
7 1397
7 2317
7 1684
8 2951
8 1611
8 1753
8 2020
8 2485
8 1751
8 1166
8 3117
8 1928
8 2568
9 2371
9 2951
9 2849
9 3127
9 2894
9 367
9 2274
9 2095
9 2582
9 3137
10 2785
10 1262
10 2433
10 3194
10 2895
10 2060
10 2514
10 1471
10 1380
10 2629
11 2699
11 2906
11 724
11 2717
11 1145
11 3171
11 3127
11 1043
11 3027
11 2956
12 3127
12 2046
12 1962
12 1924
12 1902
12 1755
12 1753
12 1745
12 1728
12 1590
13 1542
13 2598
13 1886
13 3005
13 2559
13 2716
13 2944
13 2857
13 2748
13 2720
14 1752
14 2716
14 1088
14 3054
14 2433
14 2628
14 2337
14 2944
14 1739
14 1197
15 2907
15 2856
15 2897
15 1999
15 2900
15 2885
15 678
15 3033
15 1566
15 3085
16 2421
16 1786
16 696
16 2376
16 2378
16 972
16 2622
16 2582
16 2003
16 2516
17 2648
17 1223
17 2491
17 2944
17 3053
17 2253
17 1947
17 3005
17 2598
17 2801
18 2138
18 3005
18 1389
18 1134
18 1223
18 1135
18 731
18 1613
18 2929
18 1788
19 1957
19 3175
19 3156
19 2557
19 2570
19 2515
19 2433
19 2401
19 2060
19 2714
20 2986
20 2695
20 1595
20 1961
20 2289
20 2883
20 2769
20 2450
20 2340
20 1683
21 2189
21 3027
21 2771
21 1496
21 1429
21 2787
21 2702
21 3057
21 719
21 2828
22 1915
22 2751
22 1978
22 2913
22 2924
22 3193
22 1664
22 1908
22 3116
22 2745
23 1727
23 2454
23 2828
23 2402
23 2715
23 3138
23 3131
23 1885
23 1433
23 2406
24 1925
24 1892
24 1637
24 1307
24 1194
24 1180
24 1169
24 3165
24 3138
24 1051
25 2318
25 3136
25 1908
25 2849
25 2268
25 3072
25 2542
25 2741
25 2535
25 2522
26 2376
26 2320
26 3128
26 3105
26 1463
26 964
26 1108
26 1902
26 2668
26 1810
27 2582
27 2399
27 2681
27 1960
27 2798
27 2668
27 2406
27 2516
27 1752
27 1753
28 3032
28 2371
28 828
28 2969
28 3158
28 2776
28 2951
28 1723
28 441
28 1062
29 2927
29 2784
29 1933
29 1709
29 3131
29 2524
29 2925
29 1825
29 1691
29 1524
30 3142
30 2786
30 2989
30 2764
30 2390
30 1267
30 2519
30 1440
30 1652
30 2970
31 3066
31 2125
31 696
31 2438
31 2971
31 2753
31 3130
31 1674
31 1168
31 1327
32 2177
32 1145
32 1504
32 2630
32 3139
32 2619
32 1563
32 2059
32 3018
32 2490
33 1867
33 1147
33 2798
33 2261
33 1364
33 1143
33 1728
33 3016
33 2937
33 1325
34 2833
34 2808
34 2544
34 1386
34 1696
34 2921
34 2749
34 332
34 2946
34 2324
35 2836
35 2266
35 3175
35 3069
35 1551
35 2767
35 2606
35 1072
35 2283
35 2273
36 1265
36 1350
36 2112
36 1768
36 2836
36 2794
36 2698
36 2986
36 1184
36 1012
37 2265
37 3106
37 2527
37 2051
37 2958
37 2184
37 3031
37 1388
37 3021
37 2470
38 3069
38 1530
38 2986
38 3105
38 2905
38 1824
38 2815
38 1698
38 2912
38 3188
39 3105
39 1614
39 1602
39 3101
39 2651
39 2082
39 2265
39 2940
39 1861
39 2956
40 2127
40 3105
40 1835
40 2705
40 3198
40 1626
40 2730
40 1098
40 1180
40 1380
41 3119
41 3082
41 2481
41 1164
41 2988
41 2522
41 3025
41 1542
41 2470
41 1752
42 462
42 2402
42 3048
42 2318
42 2894
42 1709
42 3132
42 1334
42 1223
42 964
43 2847
43 2569
43 3107
43 2754
43 2924
43 1528
43 3125
43 2622
43 3046
43 1769
44 2523
44 1260
44 1404
44 931
44 2829
44 3069
44 1424
44 912
44 525
44 461
45 2988
45 2888
45 2849
45 2372
45 2856
45 3089
45 3002
45 2516
45 2631
45 3103
46 1948
46 2988
46 1711
46 1457
46 944
46 891
46 3193
46 2059
46 1032
46 2795
47 1032
47 2516
47 2372
47 1681
47 1699
47 2832
47 1711
47 944
47 1271
47 1359
48 2701
48 1848
48 2453
48 2123
48 2366
48 2094
48 1504
48 1744
48 1910
48 2819
49 2126
49 2624
49 2406
49 1959
49 3144
49 2561
49 1937
49 2407
49 1380
49 2988
50 1680
50 2973
50 1960
50 634
50 1457
50 2714
50 2307
50 3075
50 2631
50 3012
51 2714
51 3075
51 3175
51 2973
51 2570
51 2557
51 2838
51 1613
51 3006
51 2668
52 3048
52 2798
52 1572
52 605
52 2829
52 2890
52 1928
52 3072
52 1199
52 3070
53 1194
53 1186
53 1382
53 2986
53 1856
53 2046
53 2957
53 2769
53 1567
53 2806
54 3031
54 2703
54 2155
54 2851
54 2178
54 1781
54 2264
54 2887
54 2326
54 2470
55 1739
55 1993
55 1898
55 1896
55 1355
55 2439
55 2998
55 2921
55 3034
55 1379
56 1471
56 1216
56 1678
56 3077
56 2556
56 1456
56 2795
56 2842
56 2032
56 1048
57 2700
57 681
57 525
57 355
57 353
57 350
57 349
57 348
57 333
57 277
58 2994
58 2986
58 2373
58 3113
58 2634
58 2285
58 1410
58 2753
58 3138
58 1869
59 1488
59 3158
59 1264
59 1888
59 3196
59 1152
59 3138
59 1462
59 28
59 242
60 2989
60 1462
60 1264
60 617
60 1315
60 3129
60 3026
60 2424
60 1572
60 2398
61 2711
61 2994
61 1152
61 3171
61 1988
61 2981
61 944
61 1200
61 1456
61 1711
62 1172
62 3175
62 2515
62 3096
62 2373
62 2598
62 2560
62 1567
62 1536
62 2220
63 3075
63 2195
63 2714
63 3175
63 2973
63 2266
63 2515
63 2785
63 2125
63 2401
64 2232
64 2712
64 497
64 1976
64 2990
64 2927
64 973
64 2622
64 2970
64 2865
