1 1391
1 2667
1 2501
1 1315
1 695
1 2371
1 972
1 585
1 3077
1 1506
2 2434
2 2863
2 3078
2 971
2 2483
2 1939
2 397
2 1345
2 2850
2 1145
3 2541
3 2265
3 1134
3 1788
3 2939
3 2061
3 1787
3 2651
3 1223
3 205
4 3128
4 964
4 2341
4 2314
4 616
4 2377
4 1308
4 1145
4 2931
4 2254
5 2314
5 3127
5 2716
5 2786
5 1978
5 1810
5 1571
5 1572
5 2572
5 2370
6 1664
6 2826
6 971
6 1939
6 397
6 2305
6 2306
6 2804
6 1770
6 695
7 1145
7 1768
7 1595
7 2306
7 740
7 356
7 2829
7 1411
7 2317
7 1397
8 2849
8 1611
8 3032
8 2951
8 1753
8 40
8 2625
8 2020
8 2219
8 2500
9 2046
9 2371
9 2892
9 2274
9 1846
9 2849
9 2951
9 2988
9 1928
9 1856
10 2785
10 1603
10 3194
10 1262
10 2433
10 2895
10 2514
10 2060
10 1380
10 1471
11 2699
11 3171
11 3127
11 1043
11 3027
11 2956
11 2954
11 2593
11 2320
11 2081
12 3127
12 2046
12 1962
12 1924
12 1902
12 1755
12 1753
12 1745
12 1728
12 1590
13 1542
13 2944
13 2722
13 2314
13 1886
13 1807
13 1223
13 3005
13 2598
13 1947
14 2812
14 2314
14 3054
14 2944
14 2716
14 1572
14 1397
14 1088
14 2451
14 2337
15 2907
15 2195
15 3085
15 1947
15 1886
15 1676
15 3057
15 2835
15 2716
15 1719
16 1962
16 2421
16 2378
16 1003
16 243
16 1786
16 1745
16 3199
16 675
16 2485
17 1223
17 1134
17 2253
17 1665
17 3080
17 2491
17 1974
17 1886
17 1795
17 1726
18 1223
18 3027
18 3005
18 2968
18 2541
18 320
18 2138
18 1389
18 2651
18 2433
19 1957
19 3175
19 3156
19 2557
19 2570
19 2515
19 2433
19 2401
19 2060
19 2714
20 2695
20 2986
20 2524
20 2145
20 1457
20 1961
20 2780
20 1696
20 1595
20 2289
21 2189
21 3067
21 3027
21 2771
21 2081
21 3184
21 1496
21 1429
21 2787
21 2702
22 2751
22 2913
22 1915
22 2638
22 2637
22 2564
22 2473
22 2441
22 2384
22 2369
23 3067
23 2715
23 2541
23 2287
23 2274
23 2195
23 2081
23 1727
23 1542
23 2454
24 1925
24 1892
24 1637
24 1307
24 1194
24 1180
24 1169
24 3165
24 3138
24 1051
25 2318
25 2711
25 3048
25 2634
25 3136
25 3028
25 2268
25 1526
25 1517
25 2988
26 2376
26 964
26 2320
26 3128
26 2849
26 1805
26 1753
26 1463
26 1199
26 3105
27 2582
27 2046
27 1752
27 1728
27 1471
27 2715
27 619
27 2377
27 320
27 2277
28 3032
28 2274
28 3158
28 2969
28 1989
28 1928
28 2515
28 3040
28 3038
28 1890
29 2927
29 3021
29 2784
29 1709
29 1825
29 1933
29 2925
29 2276
29 3124
29 2524
30 1651
30 1854
30 1824
30 1267
30 2597
30 1681
30 2786
30 1652
30 2479
30 202
31 2829
31 2125
31 1686
31 2913
31 1741
31 1929
31 3047
31 2421
31 2283
31 1891
32 2177
32 1847
32 2155
32 2289
32 2052
32 2368
32 3018
32 1145
32 3124
32 2790
33 1423
33 2047
33 2605
33 1692
33 3016
33 2554
33 2043
33 1954
33 1809
33 2325
34 1046
34 503
34 2544
34 1450
34 2458
34 2440
34 1354
34 2291
34 1763
34 640
35 3175
35 2836
35 2437
35 2681
35 2560
35 2516
35 3071
35 2645
35 1886
35 1386
36 1265
36 1350
36 2112
36 2698
36 1768
36 2794
36 2733
36 2703
36 2702
36 2110
37 1398
37 618
37 2289
37 2957
37 2941
37 3103
37 2032
37 1932
37 1907
37 1879
38 2941
38 2815
38 2859
38 2497
38 2289
38 2002
38 2082
38 2705
38 2265
38 3105
39 2082
39 1614
39 1589
39 2941
39 2341
39 2527
39 2931
39 2178
39 2651
39 3105
40 2937
40 2254
40 1485
40 1614
40 2931
40 1693
40 1835
40 1861
40 3087
40 2527
41 3119
41 3082
41 1003
41 3137
41 2667
41 2578
41 2849
41 1514
41 1604
41 944
42 462
42 1726
42 2402
42 3048
42 2286
42 2741
42 2711
42 2215
42 1906
42 1886
43 2569
43 1182
43 2977
43 2924
43 2455
43 3107
43 3098
43 2692
43 2841
43 2754
44 2523
44 2829
44 1002
44 974
44 464
44 2325
44 533
44 1135
44 931
44 726
45 1199
45 2451
45 3002
45 3067
45 2860
45 1681
45 1194
45 1552
45 2979
45 2904
46 1680
46 2631
46 2990
46 1665
46 1457
46 2669
46 1711
46 2451
46 1926
46 1911
47 2990
47 1032
47 2711
47 1681
47 3067
47 1699
47 440
47 1415
47 1359
47 2561
48 3032
48 2453
48 2366
48 3069
48 2695
48 1768
48 2598
48 3138
48 2819
48 3163
49 409
49 2561
49 2390
49 3012
49 1514
49 1856
49 1653
49 2999
49 2959
49 616
50 1680
50 1960
50 1935
50 1846
50 1700
50 1699
50 1409
50 1359
50 3096
50 1032
51 2570
51 3075
51 3156
51 2714
51 3153
51 2838
51 1613
51 2973
51 3175
51 2928
52 1572
52 3067
52 2829
52 2218
52 1680
52 2062
52 1541
52 3048
52 1261
52 2749
53 2769
53 1567
53 1194
53 2806
53 2986
53 1856
53 1382
53 2046
53 1887
53 2710
54 2470
54 2703
54 3133
54 2764
54 2148
54 2396
54 2886
54 2178
54 3031
54 2958
55 2921
55 2998
55 1993
55 1906
55 1898
55 1896
55 1665
55 1355
55 2838
55 1739
56 1665
56 2051
56 1781
56 724
56 1453
56 1856
56 2470
56 2061
56 2931
56 2327
57 3140
57 1614
57 1106
57 3077
57 2922
57 1278
57 1824
57 2700
57 1705
57 1216
58 2634
58 2970
58 1411
58 1637
58 1206
58 3145
58 3138
58 2961
58 2216
58 2850
59 2631
59 1456
59 2931
59 3030
59 3176
59 2650
59 1116
59 3053
59 3096
59 2733
60 3087
60 1752
60 3025
60 1518
60 2928
60 2988
60 2869
60 2625
60 2380
60 1750
61 2307
61 2631
61 1935
61 1272
61 634
61 2711
61 1236
61 2451
61 1032
61 1194
62 1806
62 1456
62 1359
62 1135
62 2979
62 2924
62 2720
62 2060
62 2598
62 2195
63 2289
63 3075
63 2266
63 3156
63 2973
63 2570
63 2060
63 2195
63 3175
63 2515
64 2651
64 1046
64 2051
64 1531
64 2538
64 482
64 3032
64 3030
64 2516
64 2513
