1 1410
1 2572
1 3077
1 1333
1 435
1 3181
1 2625
1 1391
1 1938
1 1827
2 2484
2 1413
2 1216
2 3138
2 2265
2 1589
2 144
2 1235
2 1962
2 40
3 1154
3 1768
3 2858
3 3142
3 1134
3 1223
3 1350
3 284
3 2053
3 2629
4 3128
4 2851
4 2314
4 1135
4 2931
4 616
4 2470
4 2342
4 2060
4 1012
5 2786
5 1829
5 2716
5 3127
5 1978
5 2629
5 972
5 2314
5 1409
5 2003
6 695
6 1664
6 2826
6 2828
6 1113
6 1543
6 438
6 1554
6 1398
6 605
7 2864
7 2016
7 1307
7 3043
7 2850
7 1768
7 1033
7 1099
7 2314
7 2882
8 2951
8 1611
8 2371
8 3032
8 2849
8 2541
8 2202
8 2625
8 2219
8 1752
9 2849
9 2454
9 3158
9 2371
9 2776
9 2949
9 1811
9 1695
9 2988
9 2951
10 1262
10 2785
10 3194
10 2433
10 1603
10 2514
10 2895
10 2060
10 1380
10 1471
11 2699
11 2906
11 724
11 2717
11 2091
11 1145
11 3171
11 3127
11 1043
11 3027
12 3127
12 3196
12 2246
12 1930
12 2046
12 1962
12 1924
12 1902
12 1755
12 1753
13 1542
13 2722
13 3005
13 2559
13 2716
13 2598
13 1886
13 2748
13 2944
13 2856
14 2812
14 2716
14 3087
14 3054
14 2860
14 2337
14 1886
14 2314
14 1752
14 2964
15 1947
15 1886
15 2944
15 3125
15 2907
15 2146
15 2195
15 1676
15 2716
15 2598
16 2421
16 3141
16 243
16 972
16 2376
16 2002
16 3199
16 1003
16 2378
16 2217
17 1223
17 1134
17 1387
17 1658
17 2053
17 1154
17 1062
17 252
17 3115
17 1402
18 2138
18 2541
18 3112
18 3005
18 2880
18 670
18 1135
18 1223
18 2651
18 1613
19 3156
19 2433
19 2401
19 1957
19 3175
19 2557
19 2570
19 2515
19 2060
19 2714
20 2695
20 2986
20 1457
20 2769
20 2780
20 1961
20 2905
20 2524
20 1563
20 1916
21 2703
21 2750
21 1206
21 2787
21 2189
21 1641
21 2061
21 1496
21 2702
21 2905
22 1691
22 1664
22 1159
22 78
22 3152
22 95
22 2262
22 2631
22 1905
22 2822
23 3072
23 2406
23 2816
23 2936
23 2798
23 2032
23 2767
23 2454
23 2216
23 3131
24 1194
24 1892
24 1410
24 2535
24 1696
24 1540
24 1435
24 1235
24 2882
24 2767
25 2318
25 3048
25 2711
25 2452
25 2741
25 1032
25 2862
25 2522
25 2268
25 3136
26 2376
26 3128
26 2541
26 2320
26 2912
26 1805
26 1338
26 3048
26 1198
26 1854
27 2406
27 2582
27 1752
27 1960
27 2378
27 2314
27 2297
27 1456
27 2377
27 1751
28 1135
28 3148
28 1710
28 1026
28 1440
28 2850
28 1161
28 1770
28 1768
28 281
29 2927
29 3021
29 3037
29 2200
29 2138
29 1834
29 2644
29 1257
29 1497
29 1385
30 2786
30 2065
30 1195
30 1651
30 1671
30 1937
30 1309
30 1856
30 1315
30 1665
31 2829
31 1686
31 2283
31 1929
31 3047
31 2125
31 674
31 2913
31 2421
31 2211
32 2849
32 2710
32 1770
32 2423
32 2986
32 1523
32 964
32 1892
32 1665
32 1099
33 1052
33 2957
33 2925
33 1665
33 3132
33 1471
33 1891
33 2820
33 2977
33 2798
34 2722
34 2892
34 3011
34 1811
34 3042
34 3082
34 1237
34 1425
34 2985
34 2226
35 3175
35 2836
35 2681
35 2560
35 2437
35 2516
35 1474
35 2165
35 2289
35 2645
36 2112
36 1265
36 2698
36 1768
36 2836
36 1350
36 2110
36 2733
36 2794
36 2739
37 2376
37 2265
37 2233
37 2912
37 1646
37 1415
37 1844
37 3142
37 243
37 2957
38 2082
38 2002
38 2815
38 2931
38 2572
38 2941
38 2705
38 1698
38 3105
38 2470
39 2940
39 2082
39 2931
39 2651
39 1602
39 1589
39 2178
39 1614
39 1605
39 2265
40 1485
40 1470
40 2051
40 1112
40 2060
40 616
40 2265
40 2940
40 2033
40 1768
41 1960
41 1747
41 2080
41 1854
41 3043
41 2597
41 3112
41 3082
41 3128
41 2740
42 2991
42 2561
42 2984
42 2862
42 2318
42 2494
42 2966
42 2251
42 2268
42 3048
43 2924
43 2569
43 2977
43 3107
43 2754
43 2847
43 2841
43 1528
43 3098
43 2828
44 2523
44 2829
44 2751
44 1002
44 533
44 2325
44 1653
44 1686
44 2771
44 2687
45 2816
45 2860
45 1552
45 1976
45 2928
45 3002
45 2812
45 2631
45 2882
45 2896
46 2561
46 2314
46 1098
46 2307
46 1457
46 2990
46 2268
46 675
46 2451
46 2925
47 2451
47 1032
47 2722
47 2711
47 2314
47 3163
47 585
47 3095
47 1935
47 440
48 2314
48 2850
48 3087
48 3054
48 1135
48 1270
48 1947
48 2453
48 1807
48 3077
49 2795
49 2959
49 2390
49 1621
49 2307
49 3012
49 3177
49 409
49 1542
49 1653
50 1680
50 2973
50 2714
50 3075
50 3156
50 2175
50 1613
50 1811
50 2570
50 2664
51 2714
51 3075
51 1613
51 2570
51 2973
51 3153
51 3156
51 2175
51 2928
51 1811
52 2470
52 1366
52 2314
52 3025
52 2265
52 616
52 3000
52 2979
52 585
52 1827
53 1186
53 679
53 569
53 514
53 139
53 2229
53 2697
53 495
53 1423
53 3085
54 2470
54 1604
54 2941
54 2584
54 95
54 1650
54 2911
54 2646
54 2931
54 1947
55 1665
55 2998
55 2921
55 1739
55 2838
55 1993
55 1898
55 1896
55 1355
55 2650
56 1665
56 2061
56 2931
56 2051
56 2112
56 1154
56 2327
56 2628
56 1678
56 1781
57 3140
57 3008
57 2700
57 2899
57 1259
57 1651
57 94
57 1946
57 2097
57 2501
58 1474
58 1517
58 2245
58 2402
58 2993
58 2849
58 3138
58 2310
58 2851
58 2977
59 2631
59 1456
59 3041
59 1235
59 2990
59 2688
59 2905
59 944
59 1700
59 2543
60 1325
60 2147
60 2211
60 3077
60 1199
60 3202
60 2812
60 3025
60 2624
60 1572
61 1272
61 2711
61 2307
61 634
61 2631
61 1236
61 3072
61 1457
61 2451
61 1927
62 320
62 1911
62 1961
62 1368
62 1567
62 1856
62 1725
62 678
62 2979
62 1398
63 2289
63 2896
63 1846
63 2973
63 2740
63 320
63 2195
63 2570
63 2851
63 3073
64 2993
64 3166
64 2688
64 2990
64 2922
64 2160
64 2003
64 2344
64 1072
64 1717
